#weather for site US Sheep Experiment Station year = 1928
#DOY Tmax(C) Tmin(C) PPT(cm)
1	2.8	-10.6	0
2	0	-18.9	0
3	3.3	-5	0
4	2.2	-3.9	0
5	3.9	-3.9	0
6	2.2	-10.6	0
7	5.6	-8.9	0
8	7.2	-6.7	0
9	5	-5.6	0
10	0.6	-9.4	0
11	2.2	-10.6	0
12	3.9	-3.3	0
13	7.2	-11.1	0
14	1.1	-11.1	0
15	0.6	-11.7	0
16	-3.9	-12.8	0
17	-3.9	-16.1	0
18	-1.7	-11.7	0
19	1.7	-17.8	0
20	2.2	-16.1	0
21	2.8	-15	0
22	2.2	-15	0
23	-3.3	-17.8	0
24	-1.1	-16.7	0
25	3.3	-15.6	0
26	1.7	-15.6	0
27	5	-12.2	0
28	2.8	-11.1	0.23
29	1.7	-8.9	0
30	NA	NA	NA
31	4.4	-10	0
32	8.3	-6.1	0
33	5	-7.2	0.18
34	6.7	-1.1	0.46
35	7.8	-1.1	0
36	6.7	-11.1	0
37	7.2	-14.4	0
38	3.9	-9.4	0
39	3.9	-16.7	0
40	5.6	-14.4	0
41	7.2	-12.8	0
42	5.6	-15	0
43	3.9	-18.9	0
44	1.7	-10.6	0.13
45	1.7	-15	0
46	-0.6	-15.6	0
47	1.7	-13.9	0
48	2.8	-6.7	0
49	-1.7	-11.7	0
50	5	-12.2	0
51	7.8	-10	0
52	6.7	-11.7	0
53	-1.7	-20	0
54	-1.7	-20	0
55	5	-21.1	0
56	5	-15.6	0
57	4.4	-12.8	0
58	5	-7.8	0
59	3.9	-12.2	0
60	3.9	-16.7	0
61	6.7	-17.2	0
62	6.7	-13.9	0
63	0	-13.3	0
64	6.7	-8.3	0
65	8.9	-6.7	0
66	11.1	-6.1	0
67	6.7	-5	0
68	10.6	-1.1	0
69	8.3	-5.6	0
70	10	-2.2	0
71	7.2	-7.8	0
72	7.2	-11.1	0
73	6.7	-7.2	0
74	8.3	-8.3	0
75	8.9	-6.7	0
76	10	-7.8	0
77	15.6	-6.7	0
78	17.8	-3.9	0
79	18.3	-1.1	0
80	19.4	-1.1	0
81	18.3	1.1	0
82	14.4	1.1	0
83	15.6	1.1	0
84	15.6	-1.7	0.13
85	3.9	-7.2	0
86	5.6	-2.2	0.13
87	5.6	-5.6	0
88	7.8	-6.7	0
89	9.4	-5	0
90	8.3	-5	0
91	8.9	-6.1	0
92	6.7	-6.1	0
93	6.7	-4.4	0.23
94	10	-10	0
95	10	-6.1	0
96	8.3	-7.8	0
97	5	-11.1	0
98	7.8	-14.4	0
99	13.3	-8.9	0
100	4.4	-2.2	0
101	10	-10	0
102	11.1	-4.4	0
103	10.6	-9.4	0.03
104	11.7	-3.9	0
105	10.6	-5	0
106	17.2	1.7	0
107	15	2.8	0
108	9.4	-7.8	0
109	8.9	-6.7	0.03
110	9.4	-5.6	0.25
111	11.7	-5	0
112	19.4	-2.2	0
113	18.9	-3.9	0
114	21.1	0	0
115	23.3	1.1	0
116	22.8	1.7	0
117	23.3	4.4	0
118	18.9	2.8	0
119	16.1	-6.1	0
120	22.8	-1.1	0
121	17.8	1.1	0
122	14.4	-2.2	0
123	15.6	-3.3	0
124	18.9	-3.9	0
125	25.6	-1.1	0
126	26.7	2.2	0
127	25.6	6.7	0
128	26.7	2.2	0
129	24.4	7.8	0
130	26.1	5	0
131	25.6	5.6	0
132	21.1	6.7	0.48
133	12.8	2.8	0
134	13.3	1.1	0
135	20	5.6	0.48
136	21.7	3.3	0.94
137	23.3	5	0
138	25	17.2	0.05
139	24.4	4.4	0.1
140	26.1	6.1	0
141	27.8	4.4	0
142	27.8	6.7	0
143	27.8	6.7	0
144	27.8	8.9	0
145	27.2	6.1	0
146	27.2	8.3	0
147	27.2	6.1	0.74
148	26.1	7.2	0
149	27.2	6.1	0
150	22.8	5	0
151	21.1	-1.1	0
152	23.9	1.1	0
153	23.3	5.6	0
154	24.4	2.2	0
155	25	1.7	0
156	25.6	2.2	0
157	29.4	7.2	0
158	24.4	2.2	0
159	17.8	4.4	0
160	20	3.9	0
161	15.6	3.9	0
162	12.8	5.6	0.33
163	18.3	3.3	0.15
164	17.2	3.9	0.86
165	20	2.2	0.05
166	20.6	3.9	0.08
167	20.6	-1.7	0
168	14.4	0.6	1.14
169	15	1.7	0.66
170	20.6	1.1	0
171	22.8	5	0.1
172	22.2	3.3	0.03
173	24.4	3.3	0.28
174	26.1	5	0
175	28.9	7.8	0
176	31.1	8.9	0.05
177	28.9	10	0
178	28.3	11.7	0
179	28.9	8.3	0
180	25.6	8.3	0.18
181	23.3	3.9	0.03
182	22.2	5	0.3
183	23.3	5	0.13
184	28.3	7.2	0.15
185	-9999	-9999	0
186	29.4	8.9	0
187	23.9	7.2	0
188	-9999	-9999	0
189	-9999	-9999	0
190	31.7	2.8	0
191	31.1	12.2	0
192	34.4	13.3	0
193	35	12.2	0
194	32.2	12.2	0.69
195	34.4	10	0
196	32.8	11.7	0
197	30.6	12.2	0
198	28.9	9.4	0.36
199	28.9	11.1	0
200	29.4	8.3	0
201	27.8	12.2	0
202	31.7	9.4	0
203	31.7	8.3	0
204	33.9	9.4	0
205	33.3	12.8	0
206	36.1	11.1	0
207	35.6	10.6	0
208	35.6	13.3	0.13
209	33.3	12.2	0
210	34.4	13.3	0.03
211	35.6	10.6	0
212	33.3	12.8	0
213	30.6	12.8	0
214	25.6	4.4	0
215	29.4	6.7	0
216	28.9	11.1	0
217	25.6	7.2	0.08
218	28.3	4.4	0
219	31.1	8.3	0
220	34.4	10	0
221	36.1	12.2	0
222	37.2	12.8	0
223	34.4	13.3	0
224	32.2	10.6	0
225	33.3	7.8	0
226	30.6	10.6	0
227	30	7.8	0
228	30	7.8	0
229	31.7	10	0
230	33.3	7.2	0
231	30	4.4	0
232	27.2	5	0
233	31.7	4.4	0
234	23.9	5	0
235	24.4	4.4	0
236	23.9	8.3	0.36
237	26.1	2.8	0.03
238	25	5.6	0.08
239	23.9	5	0
240	23.9	4.4	0.36
241	23.3	1.1	0
242	26.1	2.8	0
243	27.8	7.2	0
244	28.3	7.2	0
245	29.4	8.3	0
246	31.1	6.1	0
247	31.1	6.7	0
248	30.6	7.2	0
249	28.3	9.4	0
250	27.8	5	0
251	30.6	8.3	0
252	22.2	2.2	0
253	17.8	7.2	0
254	22.2	8.3	0
255	21.7	7.2	0
256	11.7	-3.9	0.08
257	21.7	-2.2	0
258	25.6	0.6	0
259	20	3.3	0
260	28.3	4.4	0
261	28.9	3.9	0
262	20	2.8	0
263	17.8	-2.8	0
264	22.2	-2.2	0
265	25.6	2.2	0
266	25.6	5.6	0
267	24.4	4.4	0
268	26.1	1.7	0
269	17.2	5	0
270	16.1	3.3	0.46
271	21.7	-10.6	0
272	21.7	2.2	0
273	22.8	0.6	0.86
274	14.4	-5	0
275	14.4	-5	0
276	9.4	-1.7	0.33
277	10	-6.7	0
278	12.8	-3.3	0
279	20.6	-8.3	0
280	14.4	-5	0
281	21.1	-7.2	0
282	-9999	-9999	0
283	13.3	-4.4	0.84
284	0	-6.1	0
285	2.8	-7.8	0.1
286	4.4	-5.6	0
287	12.8	0	0
288	6.7	-5	0
289	11.7	-2.8	0
290	11.7	-3.3	0.05
291	12.2	-3.3	0
292	12.2	-1.1	0
293	7.8	-2.2	0
294	3.3	-7.8	0.03
295	7.2	-5.6	0
296	11.7	-8.9	0
297	14.4	-2.8	0
298	12.8	-1.1	0
299	10	-5	0
300	11.7	-2.8	0
301	-9999	-9999	0
302	11.1	-3.9	0
303	-9999	-9999	0
304	0	-7.8	0
305	-9999	-9999	1.04
306	0	-10.6	0
307	1.7	-8.3	0
308	-9999	-9999	0
309	6.7	-7.8	0
310	5.6	-3.9	0.76
311	6.7	-8.9	0
312	5.6	-5	0
313	-9999	-9999	0
314	-9999	-9999	0
315	11.1	-7.2	0
316	11.7	-5.6	0
317	10.6	-0.6	0
318	2.8	-3.3	0.25
319	6.1	2.8	0
320	13.9	-6.7	0
321	6.1	-9.4	0.3
322	-6.7	-19.4	0
323	2.2	-6.7	0
324	3.9	-7.8	0
325	6.1	2.8	0
326	15	0.6	0
327	12.2	-5.6	0
328	12.8	-5	0
329	8.3	-4.4	0
330	-9999	-9999	0
331	6.7	-6.7	0
332	3.3	-8.3	0
333	0	-14.4	0
334	-1.1	-8.9	0
335	4.4	-10	0
336	-2.8	-21.1	0
337	1.1	-20.6	0
338	-2.2	-22.8	0
339	2.8	-19.4	0
340	4.4	-18.9	0
341	5.6	-16.1	0
342	6.7	-13.9	0
343	7.8	-12.2	0
344	7.2	-16.1	0
345	4.4	-6.7	1.02
346	1.7	-15	0
347	2.8	-12.2	0
348	1.1	-15	0
349	1.1	-12.2	0
350	-1.7	-13.9	0
351	-3.9	-21.7	0.25
352	-2.2	-20	0.08
353	-9.4	-24.4	0
354	-4.4	-19.4	0
355	0	-22.2	0
356	0.6	-21.1	0
357	3.3	-18.9	0
358	5	-17.8	0
359	2.8	-14.4	0.38
360	-0.6	-19.4	0.03
361	7.8	-14.4	0
362	5	-7.8	0.03
363	1.1	-10.6	0.05
364	0	-16.7	0
365	0.6	-16.7	0
366	1.1	-15.6	0
