#weather for site US Sheep Experiment Station year = 1939
#DOY Tmax(C) Tmin(C) PPT(cm)
1	2.8	-5.6	0
2	0.6	-5.6	0
3	-0.6	-10.6	0.05
4	-1.7	-6.1	0.86
5	0	-7.8	0
6	-3.3	-14.4	0
7	-0.6	-15.6	0
8	-3.3	-19.4	0.2
9	-7.2	-10	0
10	-5	-8.3	0.03
11	-5	-10.6	0
12	-6.1	-11.7	0.25
13	-6.7	-13.9	0
14	-3.9	-11.1	0.1
15	-3.3	-13.9	0
16	-8.3	-10	0.05
17	-7.2	-17.2	0.03
18	-4.4	-11.1	0
19	0.6	-11.7	0
20	-7.2	-15	0
21	1.1	-18.9	0
22	-5	-17.8	0
23	-7.2	-11.1	0
24	1.7	-15.6	0
25	-2.8	-16.1	0
26	-4.4	-10	0
27	-3.3	-6.7	0.53
28	-3.9	-11.1	0
29	-2.2	-5	0.2
30	-4.4	-7.8	0
31	-6.7	-16.7	0
32	-12.8	-20.6	0.03
33	-9.4	-15	0.13
34	-7.2	-15.6	0.13
35	-7.2	-13.3	0.08
36	-2.8	-15	0.56
37	-5.6	-12.2	0
38	-4.4	-22.2	0.76
39	-14.4	-23.9	0
40	-10	-22.2	0
41	-10.6	-13.9	-999.9
42	-3.9	-12.2	-999.9
43	-3.9	-13.3	0
44	-6.7	-13.9	0
45	-1.1	-6.7	0.08
46	-6.1	-15	0
47	-4.4	-15	0
48	-2.2	-15.6	0
49	-5.6	-11.7	0
50	-7.2	-16.1	0
51	-7.8	-18.3	0
52	-6.7	-16.1	0
53	2.2	-13.3	0
54	-2.8	-10.6	0
55	-3.9	-7.2	0.33
56	-5	-11.7	0
57	-5.6	-18.3	0
58	-5	-15	0.08
59	-7.2	-18.9	0
60	-5	-10	0.03
61	-3.9	-12.2	0.25
62	-6.7	-13.9	0.2
63	-7.2	-17.8	0
64	-2.8	-15	0
65	-2.2	-6.1	0.23
66	-1.7	-8.3	0.03
67	2.8	-9.4	0
68	3.9	-6.7	0
69	1.7	-7.2	0
70	1.7	-2.2	0
71	2.8	-2.2	0.13
72	-0.6	-6.7	0
73	-1.1	-12.8	0
74	3.3	-7.8	0
75	1.1	-1.7	0
76	3.9	-2.8	0
77	7.2	-2.2	0
78	11.7	-2.8	0
79	13.9	-2.2	0
80	14.4	-1.1	0
81	15.6	1.1	0
82	15.6	0.6	0
83	15	-0.6	0
84	12.2	0.6	0
85	7.8	-1.7	0.2
86	8.9	-2.8	0
87	8.9	-1.7	0
88	11.1	-1.1	0
89	13.9	2.2	0
90	14.4	2.2	0
91	13.9	0	0
92	17.2	0	0
93	16.1	-0.6	0
94	7.2	-5	0
95	0.6	-10.6	0
96	11.7	-4.4	0
97	18.3	-0.6	0
98	11.1	1.7	0
99	9.4	-2.8	0
100	8.9	-3.3	0
101	12.2	1.1	0.1
102	8.9	0	0
103	12.2	0.6	0
104	14.4	-5	0
105	7.8	-6.1	0
106	15	-4.4	0
107	18.3	-3.3	0
108	17.8	5.6	0
109	18.3	1.1	0
110	22.2	2.2	0
111	21.1	3.9	0
112	16.1	5	0.28
113	10	2.8	0.53
114	10.6	-0.6	0.48
115	15.6	-1.1	0
116	21.1	1.1	0
117	25	3.9	0
118	24.4	5.6	0
119	15	7.8	0.38
120	15	5	0.71
121	21.7	2.2	0
122	23.9	6.1	0
123	23.3	6.7	0
124	17.8	6.7	0
125	16.7	0	0
126	15.6	3.9	0
127	20.6	0.6	0
128	21.7	1.7	0
129	20	5.6	0
130	17.2	4.4	0
131	18.9	2.2	0
132	21.1	1.1	0
133	23.9	6.1	0
134	25.6	6.7	0
135	23.9	7.8	0
136	20.6	8.3	0.38
137	17.8	5	0.25
138	11.1	3.9	0.03
139	15.6	-1.7	0
140	21.1	3.9	0
141	15.6	3.3	0.03
142	14.4	-1.7	0
143	10.6	5	0.05
144	18.3	2.8	0
145	22.2	5	0
146	23.9	9.4	0
147	26.7	8.9	0
148	29.4	8.9	0
149	27.2	9.4	0
150	21.1	8.9	0
151	15	7.2	0
152	20	2.8	0
153	23.3	6.1	0
154	24.4	7.2	0
155	19.4	2.8	0
156	12.2	1.7	0.05
157	17.8	-1.7	0
158	19.4	6.1	0
159	16.1	4.4	0.3
160	19.4	2.2	0
161	21.1	6.1	0
162	23.9	5	0
163	30	7.2	0
164	26.7	10	0
165	25	10	0
166	14.4	4.4	0
167	6.1	1.7	0.97
168	13.9	3.9	0.03
169	12.8	3.9	0.41
170	16.7	4.4	0.15
171	21.1	3.3	0
172	25.6	6.1	0
173	24.4	7.8	0
174	24.4	2.8	0
175	23.3	6.7	0
176	22.8	3.9	0
177	26.7	8.9	0
178	30.6	8.3	0
179	31.7	12.2	0
180	32.2	12.2	0
181	29.4	13.9	0
182	26.1	15	0
183	28.9	8.9	0
184	23.3	12.8	0
185	18.3	6.7	0.53
186	19.4	9.4	0.61
187	26.1	7.2	0
188	32.8	9.4	0
189	35.6	11.7	0
190	34.4	13.3	0
191	34.4	15	0
192	32.8	14.4	0
193	35	16.1	0
194	36.1	15.6	0
195	34.4	16.7	0
196	30	11.7	0
197	26.1	9.4	0
198	32.2	7.8	0
199	31.7	8.9	0
200	29.4	10.6	0
201	26.1	8.3	0
202	29.4	10.6	0
203	32.2	10	0
204	29.4	12.2	0
205	31.7	13.9	0
206	33.9	13.3	0
207	33.9	17.2	0.13
208	32.2	12.2	0.03
209	32.2	12.2	0.13
210	23.9	15	0.18
211	27.8	13.3	0
212	30.6	12.8	0
213	32.2	12.8	0
214	33.3	14.4	0
215	28.9	17.8	0
216	31.1	12.8	0
217	29.4	13.3	0
218	21.7	4.4	0
219	24.4	6.1	0
220	20	7.8	0
221	22.8	3.3	0
222	29.4	7.8	0
223	33.3	10.6	0
224	32.8	13.3	0
225	33.9	13.3	0
226	32.2	11.1	0
227	32.2	14.4	0
228	32.8	15	0
229	30.6	12.8	0
230	26.7	13.9	0
231	29.4	6.7	0
232	30.6	11.1	0
233	30.6	11.1	0
234	32.2	10.6	0
235	24.4	11.1	0.25
236	30	10	0.13
237	29.4	11.1	0
238	30	10.6	0
239	27.8	13.3	0
240	27.8	8.3	0
241	27.2	10	0
242	27.8	8.3	0
243	27.2	6.7	0
244	22.2	8.3	0
245	21.7	7.2	0
246	26.1	5	0
247	25.6	10	0
248	22.8	6.7	0
249	18.3	5	0
250	21.7	5.6	0
251	25.6	5.6	0
252	26.1	8.3	0
253	23.9	10	0.33
254	18.3	10	0.15
255	17.2	9.4	1.17
256	12.2	3.9	0.71
257	13.9	0	0.28
258	20	3.9	0
259	22.2	2.8	0
260	25.6	5.6	0
261	27.2	7.8	0
262	28.3	9.4	0
263	27.8	8.9	0
264	20.6	11.1	0.1
265	23.9	8.3	0.2
266	25	6.1	0
267	21.1	7.2	0
268	22.2	6.7	0
269	23.9	3.9	0
270	16.7	7.2	0
271	17.2	0.6	0
272	19.4	1.1	0
273	13.9	4.4	0
274	12.2	5	2.26
275	12.8	4.4	0.03
276	13.3	1.1	0.05
277	12.8	4.4	0
278	10.6	4.4	0.64
279	12.8	3.3	0.03
280	12.8	2.8	0
281	12.8	-0.6	0
282	13.3	-1.1	0
283	15	1.1	0
284	16.1	-0.6	0
285	17.8	0	0
286	17.2	1.1	0
287	13.9	2.8	0
288	15.6	4.4	0
289	17.8	0	0
290	16.1	6.1	0
291	10.6	-1.1	0
292	13.3	-2.8	0
293	14.4	1.1	0
294	15.6	0.6	0
295	16.1	-0.6	0
296	17.2	1.1	0
297	12.8	0.6	0
298	1.7	-3.3	0
299	4.4	-8.9	0
300	7.8	-3.3	0
301	9.4	-3.3	0
302	12.8	-3.3	0
303	15	-1.1	0
304	16.1	1.1	0
305	13.9	-1.7	0
306	13.9	0	0
307	10	-1.7	0
308	10.6	-6.7	0
309	6.1	-5.6	0
310	9.4	-2.8	0
311	13.3	-3.9	0
312	9.4	-7.2	0
313	5.6	-7.8	0
314	10.6	-4.4	0
315	12.8	-3.3	0
316	12.2	-1.7	0
317	13.3	-1.7	0
318	13.9	-2.8	0
319	11.7	-3.3	0
320	10	-4.4	0
321	8.3	-6.7	0
322	7.8	-6.7	0
323	9.4	-5	0
324	10	-5.6	0
325	7.8	-4.4	0
326	13.9	-5	0
327	17.8	0	0
328	14.4	-1.1	0
329	11.1	-3.9	0
330	9.4	-2.8	0
331	9.4	-6.7	0
332	-0.6	-3.3	0
333	-0.6	-2.8	0
334	0.6	-3.9	0
335	5.6	-3.3	0
336	7.8	-2.8	0
337	8.3	-5.6	0
338	12.2	-5	0
339	8.9	-3.3	0
340	10	-3.3	0
341	7.8	-1.1	0
342	10.6	1.1	0
343	11.1	0.6	0
344	6.1	-1.7	0
345	1.1	-9.4	0
346	3.9	-3.9	0
347	5	-6.7	0
348	6.1	-3.3	0
349	11.7	1.7	0
350	8.9	-1.7	0
351	2.2	-10	0
352	3.9	-9.4	0
353	-0.6	-6.1	0.3
354	-5	-11.7	0
355	-2.8	-9.4	0.03
356	-2.2	-10.6	0
357	-3.3	-7.2	0.56
358	-5	-17.8	0
359	-11.7	-16.7	0
360	-6.7	-16.7	0.08
361	-9.4	-18.9	0
362	-3.3	-11.1	0
363	-1.7	-5.6	0.1
364	-1.1	-3.3	0
365	1.1	-2.2	0.1
