#weather for site US Sheep Experiment Station year = 1940
#DOY Tmax(C) Tmin(C) PPT(cm)
1	1.7	-0.6	0.28
2	1.1	-0.6	0.36
3	0.6	-2.2	0.33
4	2.2	-2.8	0.18
5	-0.6	-6.7	0
6	-5	-12.8	0.03
7	-2.2	-7.2	0.28
8	0.6	-2.8	0.41
9	1.1	-5	0
10	-4.4	-16.7	0
11	-3.9	-11.7	0
12	-5	-17.2	0
13	-8.9	-15.6	0
14	-6.7	-17.2	0.03
15	-2.2	-10.6	0
16	-2.2	-8.9	0
17	-8.9	-22.2	0
18	-9.4	-23.3	0
19	-8.3	-13.3	0
20	-6.1	-18.3	0
21	-6.7	-20	0
22	-5.6	-15	0
23	-12.2	-19.4	0
24	-2.8	-17.8	0
25	-0.6	-7.2	0.53
26	-0.6	-3.3	0
27	3.9	-3.9	0
28	4.4	-7.2	0
29	6.1	-7.8	0
30	0.6	-4.4	0
31	-2.2	-8.3	0
32	0	-8.9	0.3
33	0.6	-2.2	0.15
34	0	-2.8	0.3
35	-1.1	-11.1	0
36	0.6	-6.7	0.2
37	0.6	-5.6	0.25
38	-3.3	-9.4	0
39	-2.2	-10	0
40	0	-4.4	0.36
41	0	-11.1	0
42	-4.4	-15	0
43	-3.3	-9.4	0
44	-2.2	-5.6	0.25
45	-2.2	-6.1	0.08
46	-3.9	-18.3	0.05
47	0.6	-10.6	0
48	3.3	-4.4	0.2
49	-2.8	-13.9	0
50	-1.7	-9.4	0
51	-4.4	-14.4	0
52	-1.7	-8.9	0.13
53	0	-4.4	0.05
54	-1.1	-10	0
55	2.2	-4.4	0
56	2.8	0.6	0
57	5	-0.6	0.56
58	4.4	0.6	0.76
59	3.3	-3.9	0.08
60	3.3	-4.4	0
61	2.2	-5	0.15
62	1.7	-5	0
63	1.1	-9.4	0
64	2.2	-3.3	0
65	1.7	-10	0
66	1.1	-6.1	0
67	5.6	-0.6	0.97
68	1.7	-7.8	0
69	-0.6	-5.6	0.58
70	-1.7	-8.9	0.03
71	0.6	-12.2	0
72	-1.7	-12.8	0
73	1.1	-10.6	0
74	3.3	-7.8	0
75	6.7	-1.7	0
76	5	0	0
77	5	-6.7	0
78	3.3	-4.4	0
79	7.2	-5	0
80	8.3	-2.2	0
81	9.4	-3.9	0
82	13.9	-1.1	0
83	11.7	-1.1	0
84	13.3	3.9	0
85	11.7	-0.6	0.05
86	8.9	1.1	0.66
87	7.2	-3.3	0.2
88	8.3	0	0
89	12.2	2.8	0.1
90	10	3.9	0.64
91	10	0	0.13
92	9.4	2.2	0.18
93	7.8	-3.3	0
94	11.1	-3.3	0
95	8.9	1.1	0.91
96	8.3	-0.6	0
97	11.1	-3.9	0
98	11.1	2.8	0
99	9.4	-0.6	0.1
100	11.1	-1.1	0
101	9.4	-5.6	0
102	16.1	-3.9	0
103	20.6	0	0
104	18.3	3.3	0
105	8.3	1.7	0.03
106	7.8	-0.6	0
107	15.6	-3.9	0
108	20	0.6	0
109	19.4	3.3	0
110	15.6	5	0.38
111	11.1	-1.1	0
112	15	0.6	0
113	15.6	1.1	0
114	15	1.7	0
115	12.8	2.8	0.38
116	15	3.3	0.43
117	13.9	-0.6	0
118	9.4	2.8	0.08
119	6.7	0.6	1.09
120	9.4	-5	0
121	18.9	0.6	0
122	22.8	2.8	0
123	18.9	7.8	0.15
124	18.9	2.2	0
125	13.3	-4.4	0
126	12.8	0.6	0
127	16.7	-0.6	0
128	20	2.8	0
129	23.3	6.1	0
130	26.1	5.6	0
131	25.6	7.2	0.08
132	25	6.1	0.28
133	17.2	3.9	0
134	22.8	2.8	0
135	20.6	6.1	0
136	20	7.2	0.05
137	17.2	5	0
138	20	2.8	0
139	23.3	3.3	0
140	18.9	6.7	0
141	19.4	2.8	0
142	22.2	4.4	0
143	25	5.6	0
144	25	11.1	0
145	26.7	7.2	0
146	21.1	9.4	0
147	20.6	5.6	0
148	23.3	5.6	0
149	23.3	9.4	0.2
150	26.7	7.2	0
151	26.1	7.2	0
152	26.1	9.4	0
153	20.6	8.3	0.23
154	14.4	7.8	0.66
155	20.6	3.9	0.23
156	13.9	6.1	0.89
157	17.2	7.2	0.13
158	16.7	6.7	0
159	12.8	1.7	0.61
160	17.2	3.9	0
161	22.2	2.8	0
162	26.7	8.3	0
163	30	11.1	0
164	33.3	11.1	0
165	30	13.3	0
166	30.6	13.9	0
167	33.3	11.1	0
168	32.8	10.6	0
169	34.4	16.1	0
170	33.9	13.9	0.33
171	30.6	15	0
172	30.6	12.2	0
173	28.9	11.1	0
174	24.4	3.9	0
175	29.4	9.4	0
176	32.8	11.1	0
177	30.6	12.8	0
178	28.3	11.1	0
179	28.3	9.4	0
180	31.7	10.6	0
181	27.8	15	0
182	20	12.8	0.81
183	22.8	12.8	0.13
184	25.6	7.8	1.42
185	28.3	12.8	0
186	31.7	14.4	0
187	28.9	13.9	0
188	30	11.7	0
189	32.2	15	0
190	33.3	16.7	0
191	33.3	15	0
192	34.4	13.3	0
193	34.4	15	0
194	33.9	12.8	0
195	32.8	15	0
196	28.9	15.6	0
197	28.3	15	0.08
198	30	12.8	0
199	28.3	11.7	0
200	29.4	12.2	0
201	30.6	11.1	0
202	32.8	10	0
203	34.4	10	0
204	34.4	11.7	0
205	32.8	14.4	0
206	27.8	13.9	0.05
207	20.6	9.4	0
208	24.4	8.9	0.08
209	28.3	5.6	0
210	31.7	10.6	0
211	31.1	12.2	0
212	32.8	15	0
213	32.8	12.8	0
214	28.9	12.8	0
215	31.1	8.3	0
216	29.4	12.8	0
217	29.4	12.2	0
218	32.8	10.6	0
219	31.1	15.6	0
220	33.3	12.2	0
221	35.6	12.8	0
222	32.8	15.6	0
223	34.4	13.3	0
224	36.7	13.9	0
225	36.1	17.8	0
226	33.3	13.9	0
227	28.9	14.4	0
228	29.4	8.3	0
229	31.1	14.4	0
230	33.9	13.9	0
231	33.9	-9999	0
232	32.8	13.3	0
233	26.7	12.2	0
234	31.7	10.6	0
235	31.1	14.4	0
236	27.8	8.3	1.96
237	22.8	9.4	0
238	25.6	7.2	0
239	27.8	8.3	0
240	26.1	11.7	0
241	27.8	9.4	0
242	30	11.1	0
243	31.7	11.1	0
244	29.4	14.4	0
245	27.8	11.1	0
246	22.2	11.7	1.35
247	17.8	8.3	0.13
248	17.2	1.1	0
249	26.7	9.4	0
250	26.7	9.4	0.05
251	27.2	12.2	0
252	22.2	13.3	0.05
253	26.7	10	0
254	28.3	11.7	0
255	22.2	10.6	0.58
256	20	8.3	1.12
257	18.9	8.3	0
258	23.3	6.7	0
259	21.7	7.2	0
260	21.7	5.6	0
261	16.1	8.3	2.24
262	14.4	8.3	0.23
263	17.8	7.2	1.37
264	17.2	7.2	0.13
265	18.9	5	0
266	20	5	0
267	21.7	8.3	0
268	16.1	7.8	0.18
269	20	3.9	0
270	20.6	5	0
271	7.2	2.2	2.01
272	8.3	3.3	0.51
273	12.8	0	0
274	8.3	2.2	0
275	17.8	1.7	0
276	11.7	2.2	1.35
277	10	0	0
278	13.9	0.6	0
279	14.4	0.6	0
280	17.2	1.1	0
281	18.9	2.8	0
282	17.8	6.7	0
283	15.6	1.1	0
284	16.7	9.4	0
285	18.9	2.8	0
286	17.8	3.3	0
287	16.1	0.6	0
288	17.2	1.7	0
289	20	3.3	0
290	19.4	6.1	0
291	20	2.8	0
292	20.6	3.9	0
293	20	2.8	0
294	18.3	3.3	0
295	15.6	6.7	0
296	16.7	5	0
297	16.1	4.4	0
298	12.8	3.9	0.03
299	10	4.4	0.71
300	8.3	2.2	0.28
301	5	0	0.05
302	2.2	0	0.86
303	4.4	0.6	0.05
304	7.8	-0.6	0
305	8.3	-1.1	0
306	6.1	1.7	0.36
307	2.8	-0.6	0
308	2.8	-3.3	0.38
309	0.6	-7.2	0
310	2.2	-1.1	0
311	6.1	0	0.79
312	7.8	0.6	0
313	4.4	-3.3	0.2
314	-1.1	-8.9	0
315	-2.2	-11.7	0
316	-5.6	-13.3	0
317	-2.2	-15	0
318	2.8	-10.6	0
319	6.7	-7.2	0
320	8.9	-5.6	0
321	8.9	-1.7	0
322	3.3	-2.8	0.3
323	1.7	-7.8	0.03
324	-3.9	-12.2	0
325	-0.6	-6.1	0
326	-0.6	-8.9	0
327	-2.2	-13.3	0
328	-1.1	-11.7	0
329	1.1	-10.6	0
330	-1.7	-8.9	0
331	-5	-6.1	0.15
332	-2.2	-6.7	0
333	1.7	-2.8	0.1
334	3.3	-7.2	0
335	1.7	-7.8	0
336	2.2	-7.2	0
337	6.1	-2.8	0
338	5	-5.6	0
339	6.1	-4.4	0
340	2.8	-5.6	0
341	3.9	-6.1	0
342	7.2	-4.4	0
343	2.8	-5.6	0
344	-1.7	-11.7	0
345	-4.4	-8.9	0
346	-8.3	-13.3	0
347	-7.8	-16.7	0
348	-8.3	-19.4	0
349	-5.6	-17.8	0
350	1.7	-15.6	0
351	-2.2	-9.4	0.28
352	0.6	-3.9	0
353	0.6	-1.1	0.2
354	2.8	-2.8	0.03
355	3.9	-5.6	0
356	3.3	-5.6	0
357	0	-2.8	0.81
358	0.6	-2.2	0.36
359	0.6	-2.2	0
360	-1.1	-7.8	0
361	0.6	-7.8	0.66
362	-3.9	-13.9	0
363	0	-12.2	0
364	0	-2.2	0.38
365	-0.6	-10	0.08
366	-5.6	-12.8	0
