#weather for site US Sheep Experiment Station year = 1985
#DOY Tmax(C) Tmin(C) PPT(cm)
1	-4.4	-18.9	0
2	-3.3	-17.2	0
3	-1.1	-13.9	0
4	-2.2	-12.2	0
5	-2.8	-13.3	0
6	0	-8.9	0.2
7	0	-4.4	0.38
8	-2.2	-10	0
9	-3.3	-7.8	0
10	-3.9	-10	0
11	-7.8	-19.4	0
12	-6.1	-18.9	0
13	-2.8	-15	0
14	-8.3	-16.7	0
15	-7.2	-18.3	0
16	-3.9	-14.4	0.05
17	-1.7	-12.2	0
18	-1.1	-11.7	0
19	0.6	-4.4	0.43
20	-0.6	-7.2	0.18
21	-5	-16.1	0
22	-5.6	-18.3	0
23	-3.9	-17.2	0
24	0	-14.4	0
25	0	-13.9	0
26	-3.3	-16.1	0
27	-3.9	-15	0.2
28	-9.4	-17.2	0
29	-12.8	-22.8	0
30	-16.1	-28.3	0
31	-18.3	-30	0
32	-10.6	-25	0
33	-13.3	-23.3	0
34	-16.1	-25	0
35	-12.2	-26.7	0.23
36	-10.6	-23.9	0
37	-6.7	-21.1	0
38	-0.6	-6.7	0.81
39	-3.9	-16.7	0
40	-8.3	-19.4	0
41	-5	-15	0.13
42	1.7	-7.2	0.05
43	1.1	-8.9	0
44	2.2	-11.1	0
45	2.2	-9.4	0
46	-1.1	-11.1	0
47	-0.6	-15	0
48	0.6	-16.7	0
49	2.2	-12.8	0
50	2.2	-6.7	0
51	1.1	-15.6	0
52	-2.8	-10.6	0.1
53	-4.4	-11.1	0
54	-1.7	-8.3	0
55	0.6	-9.4	0
56	-1.7	-17.2	0
57	-2.2	-15	0
58	-2.2	-14.4	0
59	0	-10	0.08
60	-1.1	-5	0.99
61	-4.4	-10.6	0
62	-5.6	-18.9	0.08
63	-1.7	-9.4	0.41
64	2.2	-7.2	0.25
65	-1.7	-17.2	0
66	1.7	-12.8	0
67	5	-12.2	0
68	5.6	-7.8	0
69	3.9	-13.9	0
70	5	-10.6	0
71	4.4	-12.2	0
72	7.2	-11.1	0
73	8.9	-10	0
74	7.2	-7.2	0
75	8.3	-8.3	0
76	8.3	-6.1	0
77	6.1	-4.4	0
78	5	-6.7	0
79	1.7	-4.4	0.23
80	-1.1	-15	0
81	1.7	-11.7	0
82	7.2	-5	0
83	4.4	-2.8	0.1
84	-1.1	-8.9	0
85	0.6	-6.1	1.17
86	2.2	-10	0
87	2.8	-10	0
88	1.1	-12.2	0
89	3.9	-7.8	0
90	5.6	-2.8	0
91	7.8	-2.2	0
92	9.4	-3.3	0
93	6.1	-2.8	0
94	8.3	-4.4	0
95	11.1	-2.2	0
96	12.2	-2.8	0
97	11.7	1.1	0
98	15.6	0.6	0
99	16.7	1.1	0
100	14.4	1.7	0.13
101	15.6	1.1	0
102	20	1.1	0
103	21.7	2.2	0
104	21.7	4.4	0
105	22.8	7.2	0
106	20.6	5.6	0
107	18.3	1.1	0
108	15.6	0.6	0
109	4.4	-5.6	0
110	7.2	-5	0.03
111	8.3	-1.7	0.15
112	7.8	-3.9	0.25
113	6.1	-7.2	0
114	7.8	-3.9	0.15
115	12.8	-3.3	0
116	17.2	-2.2	0
117	22.2	1.1	0
118	NA	NA	NA
119	22.8	5	0
120	21.7	5	0
121	25.6	3.3	0
122	25.6	8.9	0
123	22.8	8.9	0.3
124	22.2	-0.6	0
125	15	-2.8	0
126	23.9	0	0
127	23.9	7.2	0
128	22.8	6.7	0
129	18.9	6.7	0
130	17.2	5.6	0.2
131	12.2	0.6	1.14
132	11.7	-1.7	0
133	15	-3.3	0
134	17.8	-0.6	0
135	17.8	2.2	0
136	21.7	6.1	0
137	21.1	5.6	0
138	23.9	1.7	0
139	24.4	6.7	0
140	23.3	3.9	0
141	23.3	5.6	0
142	25.6	7.8	0
143	26.1	6.7	0
144	27.2	7.8	0.05
145	22.8	7.8	0.74
146	20.6	7.8	1.35
147	17.8	5.6	0.51
148	19.4	7.8	0.15
149	18.3	4.4	0
150	13.9	-0.6	0
151	20	0.6	0
152	18.9	5.6	0.76
153	18.3	1.1	0
154	21.7	2.2	0
155	21.7	7.8	0
156	23.3	8.9	0
157	23.9	8.9	0
158	30.6	9.4	0
159	30	9.4	0
160	23.9	6.7	0
161	22.8	4.4	0
162	22.2	7.8	0
163	26.7	7.2	0
164	28.3	11.1	0
165	27.8	8.3	0
166	29.4	9.4	0
167	26.7	11.1	0
168	27.2	11.1	0
169	29.4	10.6	0
170	32.2	10.6	0
171	31.7	10.6	0
172	23.9	4.4	0
173	28.3	5.6	0
174	32.2	10	0
175	30	8.9	0.05
176	11.7	5	0.48
177	18.9	2.2	0
178	23.9	2.2	0
179	27.8	10	0
180	30	10	0
181	31.1	8.9	0
182	31.7	12.2	0
183	33.9	12.2	0
184	33.3	13.3	0
185	34.4	13.9	0
186	33.9	12.2	0
187	35	22.8	0
188	35.6	18.3	0
189	32.8	13.9	0.13
190	35.6	15.6	0
191	34.4	13.9	0
192	31.7	15.6	0.08
193	27.8	12.8	0.53
194	27.8	8.3	0.18
195	31.1	11.7	0
196	31.7	12.2	0.03
197	31.1	9.4	0
198	28.3	8.9	1.27
199	28.3	10	0.13
200	29.4	10	0
201	31.7	12.2	0
202	32.8	12.8	0
203	32.2	12.2	0
204	30.6	13.3	0.1
205	27.2	8.9	0
206	30	10	0
207	32.8	10.6	0
208	32.8	16.1	0
209	31.7	12.2	0
210	27.2	11.1	0.51
211	21.1	11.1	0.2
212	24.4	7.2	0.36
213	27.8	11.7	0
214	26.7	7.2	0.18
215	23.3	6.7	0
216	29.4	7.8	0
217	26.7	11.1	0
218	29.4	12.2	0
219	32.8	12.2	0
220	30.6	8.9	0
221	23.3	3.9	0
222	26.7	4.4	0
223	23.9	5	0.48
224	20.6	1.7	0
225	18.9	6.1	0
226	22.2	3.3	0
227	27.8	11.7	0
228	26.1	4.4	0
229	26.7	5	0
230	28.9	8.3	0
231	27.8	10	0
232	28.3	8.9	0
233	27.2	7.2	0
234	26.7	14.4	0
235	27.2	7.2	0
236	30	7.8	0
237	33.3	10	0
238	33.3	15	0
239	31.7	12.8	0
240	30.6	10	0
241	30.6	8.9	0
242	30	8.3	0
243	26.7	11.1	0.05
244	24.4	5.6	0
245	15.6	6.1	1.04
246	21.7	2.8	0
247	25.6	6.1	0
248	24.4	10	0
249	23.3	5	0
250	21.1	9.4	0
251	20	5.6	0.3
252	20.6	7.2	1.42
253	22.2	5.6	0
254	21.7	8.9	0.53
255	15.6	4.4	2.95
256	19.4	0.6	0
257	21.7	5.6	0
258	20	6.1	0
259	18.3	-1.1	0
260	17.2	5.6	0
261	12.2	3.9	0
262	13.3	1.1	0
263	16.1	-2.2	0
264	16.7	3.9	0
265	11.7	1.1	0
266	13.3	-3.9	0
267	16.1	5.6	0
268	16.1	-1.1	0
269	16.7	-1.1	0
270	14.4	1.7	0
271	6.7	-4.4	0
272	8.3	-9.4	0
273	13.9	-6.1	0
274	13.3	-3.9	0
275	16.1	1.7	0
276	17.2	6.7	0
277	13.3	-3.9	0
278	16.1	0	0
279	14.4	1.7	0
280	13.9	-3.3	0.03
281	-1.7	-10	0.08
282	5	-12.2	0
283	10	-8.9	0
284	10	-4.4	0
285	7.8	-1.7	0
286	8.3	-6.7	0
287	7.2	-6.1	0
288	14.4	-1.7	0
289	16.7	1.7	0
290	16.1	-1.7	0
291	16.7	-3.3	0
292	17.2	-1.1	0
293	18.3	1.1	0
294	16.1	1.7	0.03
295	7.8	-0.6	0.15
296	11.1	-1.1	0
297	11.7	2.2	0
298	12.8	1.7	0
299	11.7	0	0
300	17.8	1.7	0
300	17.8	1.7	0
301	13.3	-3.3	0
302	13.3	0	0
303	7.8	-6.1	0
304	6.1	-5.6	0
305	7.2	-1.7	0
306	11.1	-2.2	0
307	13.9	-1.1	0
308	10	-2.8	0
309	5.6	-7.2	0
310	7.8	-6.7	0
311	4.4	-2.8	0.13
312	0.6	-10	0.51
313	-1.7	-12.2	0.76
314	-5.6	-12.2	0.15
315	-1.1	-10.6	0
316	-1.7	-9.4	0
317	-3.3	-9.4	0
318	-2.8	-8.3	0
319	-2.2	-11.1	0.23
320	0	-6.7	0.33
321	-3.9	-13.9	0.2
322	-9.4	-16.1	0
323	-6.7	-13.3	0.64
324	-7.8	-14.4	0.38
325	-9.4	-17.2	0
326	-11.7	-23.9	0
327	-4.4	-17.8	0
328	-3.9	-8.9	0.28
329	-8.3	-17.8	0
330	-6.1	-17.8	0
331	-5	-16.1	0.03
332	-5.6	-13.9	0.38
333	-12.8	-20	0.46
334	-11.7	-20	0
335	-0.6	-13.9	1.3
336	1.7	-10	0.46
337	-3.9	-13.3	0
338	4.4	-9.4	0
339	-1.1	-9.4	0
340	-0.6	-6.1	0.3
341	1.1	-3.9	0
342	1.1	-10	0
343	-8.3	-12.8	0
344	-11.1	-22.8	0
345	-13.9	-21.1	0.08
346	-10	-21.7	0
347	-6.7	-14.4	0.1
348	-5	-13.3	0
349	-6.1	-13.3	0
350	-6.7	-15	0
351	-3.3	-12.8	0
352	-1.1	-8.3	0
353	-1.1	-12.2	0
354	0	-10.6	0
355	-1.7	-12.2	0
356	-4.4	-15.6	0
357	-3.3	-13.9	0
358	-5	-15	0
359	-5	-9.4	0
360	-4.4	-11.7	0
361	-2.8	-16.1	0
362	0.6	-15.6	0
363	-4.4	-15.6	0
364	-5	-15.6	0.13
365	-2.8	-13.9	0.1
