#weather for site US Sheep Experiment Station year = 1964
#DOY Tmax(C) Tmin(C) PPT(cm)
1	1.1	-6.7	0
2	-2.8	-14.4	0
3	-5	-18.3	0
4	-10.6	-20	0
5	-6.7	-12.2	0.05
6	-5	-11.1	0
7	-7.2	-20	0
8	-8.9	-19.4	0
9	-9.4	-17.8	0.03
10	-10	-15	0
11	-9.4	-20	0
12	-8.9	-17.2	0
13	-7.2	-17.8	0
14	-11.7	-22.8	0
15	-8.9	-16.7	0.03
16	-5.6	-12.8	0
17	-1.7	-13.3	0.51
18	-5.6	-16.1	0
19	0	-6.1	0
20	0.6	-5	0.08
21	-3.9	-12.8	0.23
22	-5.6	-13.9	0
23	-11.7	-17.8	0
24	-4.4	-12.8	0.1
25	-2.8	-11.7	0
26	-5	-18.3	0
27	-4.4	-12.8	0
28	-1.7	-12.8	0
29	-3.9	-7.8	0.03
30	-5.6	-13.3	0
31	-2.8	-7.2	0
32	-3.9	-11.7	0
33	-6.7	-20	0
34	-3.3	-16.1	0
35	-4.4	-16.1	0
36	-5	-15.6	0
37	-10	-15	0
38	-6.7	-16.7	0
39	-5	-13.9	0
40	3.3	-10.6	0
41	1.7	-6.7	0.1
42	-2.2	-20	0
43	-7.2	-11.7	0.15
44	-7.8	-18.3	0
45	-7.8	-20	0
46	-9.4	-17.8	0
47	-3.9	-12.8	0.08
48	-6.1	-17.2	0
49	-2.8	-12.2	0
50	-4.4	-15	0
51	-6.7	-15.6	0
52	-0.6	-15.6	0
53	-2.2	-13.3	0
54	-5.6	-10	0.2
55	-9.4	-17.2	0
56	-10	-20.6	0
57	-7.8	-21.1	0
58	-4.4	-17.2	0
59	-6.1	-15	0
60	-3.9	-12.2	0.13
61	-1.1	-8.3	0
62	-3.9	-14.4	0
63	-6.1	-13.9	0
64	-2.2	-9.4	0.08
65	-6.7	-8.3	0.03
66	-2.8	-12.2	0
67	-6.1	-20	0
68	-5.6	-12.8	0.05
69	-5.6	-17.2	0
70	-2.8	-10	0.05
71	-0.6	-4.4	0.69
72	-3.3	-16.7	0.1
73	-7.8	-16.1	0
74	-1.7	-9.4	0
75	-2.2	-12.8	0
76	1.1	-8.3	0
77	2.2	-5	0
78	1.1	-8.3	0
79	-1.1	-13.3	0.08
80	-1.1	-10	0.18
81	0	-7.2	0
82	-7.2	-18.3	0
83	-2.8	-18.9	0
84	-3.3	-14.4	0.15
85	-2.8	-12.8	0
86	0	-9.4	0
87	0	-13.9	0
88	3.3	-8.9	0
89	7.8	-7.2	0
90	7.8	-1.7	0
91	5.6	0.6	0.05
92	2.8	-3.9	0.08
93	5	-1.1	0
94	4.4	-3.3	0
95	3.9	-2.8	0
96	2.2	-5	0
97	3.9	-8.3	0
98	6.1	-5	0
99	11.1	-1.7	0
100	9.4	1.7	0.1
101	7.2	-2.2	0
102	5.6	-7.2	0
103	8.3	-5	0
104	16.1	-3.3	0
105	17.8	-0.6	0
106	15	-0.6	0
107	6.1	-7.8	0
108	8.9	-3.9	0
109	12.2	-2.2	0
110	15.6	0.6	0
111	14.4	0.6	0.28
112	6.1	-1.7	0
113	6.1	-2.2	2.01
114	6.1	-3.3	0.74
115	4.4	-4.4	0
116	5.6	0	0
117	NA	NA	NA
118	10.6	-5.6	0
119	15.6	-0.6	0
120	19.4	2.2	0
121	18.3	3.3	0.2
122	10.6	0	1.22
123	1.7	-1.7	0.58
124	1.7	-4.4	0.46
125	7.2	-3.3	0
126	8.3	-1.7	0
127	8.9	-1.7	0
128	11.1	-1.1	0
129	12.2	2.2	0
130	16.1	-1.7	0
131	16.7	4.4	0
132	14.4	1.1	0
133	17.8	0.6	0
134	22.2	5	0
135	21.1	7.2	0
136	22.8	3.3	0
137	25.6	5	0
138	25	6.7	0
139	21.7	2.2	0
140	26.1	6.1	0
141	25.6	7.2	0
142	23.9	6.7	0
143	19.4	3.9	0
144	18.3	2.2	0
145	22.8	1.1	0
146	21.1	7.2	0
147	20	6.7	0.56
148	20	6.1	0.48
149	13.3	6.1	1.7
150	15	3.3	1.27
151	17.8	5	0.03
152	17.2	6.1	0.13
153	18.3	7.8	0
154	20.6	6.7	0
155	20	6.1	0.43
156	20	6.7	0
157	18.9	7.2	0.1
158	20	6.1	0.43
159	13.3	6.7	1.47
160	11.1	5	0.64
161	14.4	6.1	0.51
162	12.2	3.3	1.09
163	15	3.9	0.51
164	15.6	5.6	0
165	18.9	5	0
166	20.6	6.1	0
167	19.4	9.4	0.25
168	13.3	8.9	0.2
169	12.2	7.2	0.71
170	12.8	5.6	1.3
171	9.4	3.3	0.94
172	13.9	1.1	0.13
173	12.8	3.3	0.18
174	17.8	6.1	0
175	21.7	4.4	0
176	24.4	7.8	0
177	27.2	10	0
178	28.9	11.1	0.05
179	26.1	12.8	0
180	23.3	10.6	0.03
181	25	8.9	0
182	26.7	11.1	0
183	28.3	11.7	0
184	27.8	11.1	0
185	25.6	10.6	0
186	28.9	11.1	0
187	27.2	11.7	0
188	26.1	12.2	0
189	29.4	10.6	0
190	31.7	12.2	0
191	31.1	13.3	0
192	27.8	8.3	0
193	31.7	14.4	0
194	31.1	15	0
195	30.6	16.1	0
196	27.8	8.9	1.5
197	27.8	10.6	0
198	27.8	10.6	0
199	31.1	11.1	0
200	32.8	13.9	0
201	31.1	12.2	0
202	32.2	12.8	0
203	32.2	12.8	0
204	32.8	12.8	0
205	32.2	11.7	0
206	27.8	11.1	0
207	31.1	10	0
208	31.7	11.1	0
209	32.8	14.4	0
210	32.2	14.4	0
211	29.4	13.3	0.2
212	28.3	14.4	0
213	27.2	11.1	0
214	26.1	11.7	0
215	27.8	6.1	0
216	32.2	10.6	0
217	33.3	12.8	0
218	31.7	16.1	0
219	30.6	9.4	0
220	31.1	11.7	0
221	28.9	14.4	0.69
222	32.8	10.6	0
223	31.1	13.3	0
224	31.1	12.8	0
225	29.4	12.2	0
226	26.1	7.8	0
227	26.7	11.1	0
228	28.3	9.4	0
229	28.9	10	0
230	30	10	0
231	31.1	13.3	0
232	27.8	4.4	0
233	18.9	1.1	0
234	23.9	5.6	0
235	26.1	7.2	0
236	27.8	10.6	0
237	27.2	9.4	0
238	27.8	7.8	0
239	27.2	12.8	0
240	17.8	3.3	0
241	17.8	3.9	1.35
242	14.4	2.2	0.81
243	20	2.2	0
244	23.3	7.2	0
245	22.8	6.7	0
246	15	0.6	0
247	17.2	1.1	0
248	22.8	3.9	0
249	25.6	5.6	0
250	25	8.9	0
251	24.4	5	0
252	24.4	6.7	0
253	23.3	6.1	0
254	20.6	3.3	0
255	23.9	3.3	0
256	23.9	6.1	0
257	26.1	6.7	0
258	25.6	7.2	0
259	23.3	8.9	0
260	23.3	5.6	0
261	23.9	6.7	0
262	20.6	4.4	0
263	19.4	0.6	0
264	15	4.4	0
265	16.1	4.4	0
266	20	3.3	0
267	20	3.3	0
268	22.8	3.9	0
269	25	5	0
270	16.7	0	0
271	16.7	-1.1	0
272	20	1.1	0
273	21.1	2.2	0
274	21.1	6.7	0
275	18.3	4.4	0
276	15.6	-1.7	0
277	19.4	1.1	0
278	20.6	2.2	0
279	22.8	5.6	0
280	23.3	5	0
281	23.3	4.4	0
282	21.7	5.6	0
283	15.6	3.3	0
284	16.7	1.7	0
285	17.8	0	0
286	22.2	3.3	0
287	22.2	5	0
288	21.7	4.4	0
289	20	5.6	0
290	14.4	4.4	0.28
291	7.8	-6.1	0
292	9.4	-5.6	0
293	15	-3.3	0
294	16.7	-1.7	0
295	16.1	0	0
296	13.3	2.2	0
297	12.2	-3.3	0
298	12.8	-3.3	0
299	11.7	-1.7	0
299	11.7	2.8	0
300	11.1	-2.8	0
301	14.4	1.1	0
302	17.2	3.9	0
303	13.3	0	2.69
304	5	0	0.03
305	10	1.7	0
306	8.9	1.7	0.41
307	4.4	-6.1	0
308	10	-2.8	0
309	12.8	-0.6	0
310	10	-1.7	0
311	13.3	-0.6	0
312	11.1	2.8	0
313	11.1	-0.6	0
314	6.7	0	0.28
315	1.1	-5	0.41
316	1.1	-7.2	0.23
317	-1.1	-11.1	0.1
318	-2.8	-9.4	0
319	0	-12.8	0
320	1.1	-8.9	0
321	0	-4.4	0.03
322	-2.2	-9.4	0
323	-5	-7.2	0.05
324	-3.9	-7.8	0
325	1.1	-11.1	0
326	1.1	-8.3	0
327	-1.7	-4.4	0
328	0	-3.9	0.05
329	4.4	0	0.08
330	0.6	-5.6	0.81
331	-3.3	-16.1	0.05
332	1.1	-11.7	0
333	-0.6	-7.8	0
334	3.3	-2.2	0
335	2.2	0	0.46
336	0.6	-1.7	0.03
337	-0.6	-7.2	0.08
338	-2.2	-11.1	0
339	1.1	-5.6	0
340	-0.6	-11.7	0
341	-1.1	-13.3	0
342	-3.3	-12.2	0
343	-2.2	-7.8	0.08
344	-2.2	-5.6	0.36
345	-1.1	-12.8	0.15
346	-4.4	-20	0
347	-8.3	-18.9	0
348	-6.7	-16.1	0.05
349	-2.8	-8.9	0.05
350	-5	-22.8	0
351	-19.4	-31.7	0
352	-5.6	-23.3	0
353	-3.9	-14.4	0.18
354	1.7	-5	0.38
355	1.7	-2.8	0.03
356	6.7	0	0
357	6.1	1.7	0.23
358	-9999	-9999	0.36
359	-9999	-9999	0
360	5.6	-7.2	0.18
361	3.9	-4.4	1.02
362	3.3	-7.2	0.1
363	-5.6	-15	0.08
364	-3.9	-9.4	0.25
365	-3.3	-12.8	0.1
366	-5.6	-17.8	0.18
