#weather for site US Sheep Experiment Station year = 1962
#DOY Tmax(C) Tmin(C) PPT(cm)
1	-2.8	-13.9	0
2	-2.8	-10.6	0
3	-5.6	-13.9	0
4	-3.3	-11.7	0
5	-2.8	-7.2	0
6	-0.6	-7.8	0.1
7	-1.1	-13.9	0
8	-13.3	-20	0
9	-13.3	-25.6	0
10	-8.3	-20.6	0
11	-7.2	-15	0.23
12	-8.3	-12.8	0.15
13	-10.6	-22.8	0
14	-10.6	-16.7	0.13
15	-9.4	-20	0
16	-5.6	-12.2	0
17	-7.8	-17.2	0
18	-12.2	-21.7	0
19	-11.1	-22.2	0.2
20	-20.6	-26.1	0
21	-14.4	-25.6	0
22	-15	-25.6	0.03
23	-8.3	-20.6	0.08
24	-7.8	-15	0.03
25	-6.1	-16.7	0
26	-5.6	-7.2	0
27	-0.6	-6.1	0
28	1.1	-11.7	0
29	2.2	-8.9	0
30	0	-8.3	0
31	1.1	-8.9	0
32	3.3	-7.8	0
33	3.9	-6.7	0
34	1.7	-7.8	0
35	-2.2	-12.8	0
36	1.1	-10	0
37	-0.6	-6.1	0.15
38	0	-3.3	0.3
39	1.7	-2.2	0.18
40	1.7	0	1.5
41	2.8	0.6	1.83
42	3.3	0	0.1
43	1.1	-2.2	0.1
44	3.9	-1.1	0.33
45	1.1	-8.9	0.36
46	1.7	-2.2	0.08
47	0.6	-8.9	0
48	0	-6.1	0.1
49	0	-6.1	0
50	-1.7	-5	0
51	-0.6	-9.4	0
52	-1.7	-6.7	0
53	-2.8	-16.7	0
54	-7.8	-20.6	0
55	-8.9	-16.1	0
56	-15	-22.2	0
57	-9.4	-25.6	0
58	-9.4	-22.2	0.13
59	-3.9	-10.6	0.38
60	-3.9	-7.2	0.15
61	-6.7	-18.9	0
62	-3.9	-15	0
63	1.7	-8.3	0
64	3.9	-3.9	0.18
65	1.1	-2.2	0.43
66	0.6	-3.3	0.05
67	0.6	-4.4	0.25
68	-3.9	-11.1	0.03
69	-2.2	-17.2	0
70	-5	-17.2	0
71	-4.4	-16.1	0
72	-5	-15.6	0
73	-1.7	-13.3	0
74	1.1	-13.3	0
75	8.3	-8.9	0
76	2.2	-10	0
77	2.8	-7.2	0
78	3.3	-4.4	0
79	2.8	-4.4	0
80	0	-6.1	0.43
81	2.2	-6.7	0
82	1.1	-9.4	0
83	4.4	-1.7	0
84	5.6	-3.3	0
85	7.2	-1.7	0
86	6.1	-4.4	0
87	1.1	-8.3	0
88	4.4	-8.3	0
89	5	-6.1	0
90	6.1	-4.4	0
91	8.3	-0.6	0
92	8.3	0	0
93	10.6	-1.7	0
94	8.9	0.6	0
95	7.8	-2.2	0
96	7.2	1.1	0
97	4.4	-5.6	0
98	6.7	-3.9	0.25
99	8.3	-1.1	0
100	10	-3.3	0
101	11.7	-3.3	0
102	15.6	1.1	0
103	18.3	5	0
104	20.6	5	0
105	18.9	2.2	0
106	21.1	2.2	0
107	22.2	3.3	0
108	26.1	6.7	0
109	24.4	5	0
110	13.3	3.9	0
111	16.7	-0.6	0
112	21.1	2.2	0
113	23.3	6.1	0
114	21.1	8.9	0
115	12.8	3.9	0
116	10	-0.6	0
117	8.9	-3.3	0.61
118	4.4	-11.1	0.1
119	NA	NA	NA
120	10	-5.6	0
121	15.6	0	0
122	15	1.1	0.13
123	18.3	2.2	0.1
124	19.4	6.7	0
125	21.1	5	0
126	21.7	5.6	0
127	21.1	7.2	0
128	22.8	5.6	0.08
129	20.6	6.1	0
130	20	5.6	0
131	18.9	6.1	0
132	16.1	1.1	0.33
133	11.7	1.1	0
134	13.3	1.7	0.05
135	10.6	0.6	2.44
136	11.7	1.7	0.71
137	15	2.8	0
138	15	3.9	0.33
139	18.3	5	0.86
140	15.6	8.9	0
141	12.8	4.4	0.08
142	15.6	4.4	0
143	17.2	4.4	0
144	15	5	1.19
145	14.4	1.7	0
146	15	2.2	0
147	11.7	5.6	0.08
148	13.9	4.4	0.18
149	16.7	1.7	0.61
150	17.2	2.2	0.23
151	17.8	3.3	1.93
152	17.8	6.7	0
153	19.4	3.9	0
154	19.4	5.6	1.09
155	7.8	0	0.41
156	11.1	0	0
157	10.6	1.1	0.28
158	15	0.6	0
159	18.9	4.4	0
160	23.3	6.1	0
161	25.6	8.9	0
162	24.4	10.6	0
163	23.9	6.7	0
164	23.9	7.8	0
165	23.3	9.4	0
166	20.6	8.9	0.33
167	16.7	6.7	1.09
168	21.1	5.6	0
169	23.9	8.3	0
170	24.4	10	0
171	22.2	10	0.41
172	22.8	9.4	0
173	24.4	7.8	0
174	27.2	8.3	0
175	27.2	11.7	0.05
176	30	12.2	0
177	29.4	14.4	0
178	28.3	11.7	0
179	26.1	9.4	0
180	28.9	9.4	0
181	28.3	8.9	0.23
182	28.9	11.1	0
183	27.8	9.4	0
184	24.4	11.1	0
185	25.6	8.3	0
186	30	7.2	0
187	27.2	12.2	0
188	26.1	10	0
189	31.1	8.9	0
190	31.1	11.1	0
191	29.4	12.8	0
192	31.1	13.3	0
193	31.1	15	0
194	28.9	10.6	1.07
195	18.9	8.9	0.81
196	23.9	6.7	1.22
197	22.8	9.4	0
198	25.6	8.3	0
199	25.6	10.6	0.46
200	24.4	6.7	0
201	28.9	7.8	0
202	31.1	11.7	0
203	30.6	15.6	0
204	29.4	11.7	0
205	28.9	12.2	0
206	28.9	13.9	0.46
207	21.7	11.7	0.46
208	20	12.2	1.22
209	23.9	9.4	0
210	25.6	10	0
211	27.2	10.6	0.08
212	23.3	12.8	0
213	25	9.4	0
214	27.2	8.9	0
215	29.4	12.8	0
216	27.2	12.2	0
217	21.1	6.7	0
218	22.2	7.2	1.09
219	28.3	10	0.1
220	28.9	8.9	0
221	27.8	11.7	0
222	25	10	0.53
223	25.6	7.8	0
224	31.1	10.6	0
225	31.7	10.6	0
226	31.7	8.3	0
227	32.2	15.6	0
228	29.4	14.4	0
229	28.9	11.7	0
230	28.9	8.9	0
231	27.8	9.4	0
232	28.9	11.7	0
233	30.6	10.6	0
234	24.4	8.3	0.64
235	17.8	3.9	0
236	24.4	1.7	0
237	29.4	6.7	0
238	30	9.4	0
239	28.3	8.9	0
240	20	6.1	0
241	16.1	5	0.1
242	17.8	3.9	0
243	21.7	1.7	0
244	25	4.4	0
245	27.8	6.7	0
246	23.9	5	0
247	25.6	7.8	0
248	27.2	7.8	0
249	26.7	8.3	0
250	27.8	5	0
251	25.6	-1.7	0
252	17.8	-3.9	0
253	23.9	2.8	0
254	22.2	11.1	0
255	21.1	7.8	0.03
256	23.9	6.1	0
257	25.6	7.2	0
258	25	7.2	0
259	24.4	7.8	0
260	25.6	6.1	0
261	28.3	7.8	0
262	27.2	10	0
263	25.6	8.3	0
264	18.9	9.4	0.97
265	20.6	6.1	0.23
266	23.3	6.1	0
267	23.9	9.4	0
268	24.4	8.3	0
269	23.9	6.1	0
270	23.3	7.2	0
271	18.9	7.2	0.36
272	13.9	0	0
273	14.4	-0.6	0
274	20.6	1.1	0
275	22.2	3.9	0
276	21.1	5.6	0
277	22.2	7.2	0
278	19.4	7.2	0.05
279	12.8	4.4	0
280	15	0	0
281	17.2	6.7	0
282	17.2	3.9	0
283	18.3	6.7	0
284	17.2	4.4	0
285	20.6	7.2	0
286	18.9	10	0
287	16.7	1.1	0.08
288	7.2	-2.2	0.03
289	8.9	-3.3	0
290	13.3	-3.3	0
291	15	-1.1	0
292	16.1	2.8	0
293	15	-1.1	0
294	13.9	1.1	0
295	16.7	0	0
296	16.1	0	0
297	17.2	2.2	0
298	17.8	1.1	0
299	15.6	2.2	0
300	15.6	0.6	0
301	17.2	0.6	0
301	20	4.4	0
302	20.6	4.4	0
303	17.2	2.8	0
304	13.3	0	0
305	15.6	-0.6	0
306	17.2	1.1	0
307	17.2	1.7	0
308	12.8	1.7	0
309	8.3	-6.1	0.08
310	8.3	-8.3	0
311	10	-2.8	0
312	11.7	-0.6	0
313	10	1.7	0.08
314	11.1	-5.6	0
315	12.8	-1.7	0
316	9.4	0.6	0
317	7.2	1.1	0.15
318	2.2	-2.2	0
319	1.1	-2.8	0.2
320	-1.1	-11.7	0
321	1.7	-7.8	0.25
322	-3.9	-7.2	0.23
323	4.4	-3.9	0
324	5.6	-1.7	0
325	6.7	-2.2	0.1
326	1.1	-10.6	0
327	6.7	-6.7	0
328	6.7	-3.3	0
329	4.4	-1.7	0
330	5	0.6	0.15
331	1.1	-5.6	0
332	1.7	-5.6	0
333	0	-5.6	0
334	-1.1	-7.2	0
335	1.1	-1.7	0.36
336	2.8	-3.3	0.33
337	-1.1	-12.2	0
338	0.6	-8.9	0
339	3.3	-2.2	0
340	-0.6	-6.1	0
341	-0.6	-2.8	0
342	-0.6	-4.4	0
343	-0.6	-4.4	0
344	-1.1	-9.4	0
345	5	-10.6	0
346	5	-8.3	0
347	3.9	-5	0
348	8.3	-6.1	0
349	9.4	-2.8	0
350	7.2	-2.2	0
351	7.8	-2.2	0
352	3.9	-5.6	0
353	-1.7	-4.4	0
354	-2.8	-7.2	0
355	-0.6	-3.9	0
356	-1.7	-12.2	0
357	-7.2	-18.3	0
358	-8.9	-20	0
359	-8.9	-17.2	0
360	-2.2	-13.3	0
361	-3.9	-12.8	0
362	-0.6	-5	0
363	5.6	-7.8	0
364	1.7	-8.3	0
365	0.6	-9.4	0
