#weather for site US Sheep Experiment Station year = 1976
#DOY Tmax(C) Tmin(C) PPT(cm)
1	-11.7	-16.1	0
2	-8.9	-13.9	0.1
3	-7.8	-13.3	0.08
4	-2.8	-8.3	0.71
5	-3.3	-11.1	0
6	-7.2	-13.3	0.05
7	-4.4	-10.6	0.25
8	0	-6.1	0.05
9	-3.9	-13.9	0
10	-6.7	-10	0.1
11	-3.3	-11.1	0.03
12	-4.4	-17.8	0
13	-4.4	-17.2	0
14	-0.6	-6.7	0
15	-0.6	-4.4	0
16	4.4	-1.7	0
17	3.3	-7.8	0
18	1.1	-13.3	0
19	-0.6	-14.4	0
20	1.7	-11.7	0
21	2.8	-11.1	0
22	-1.7	-10	0
23	-5.6	-10	0
24	-6.7	-15.6	0
25	-7.2	-12.8	0
26	-1.1	-12.2	0
27	4.4	-12.2	0
28	5.6	-6.1	0
29	1.1	-7.2	0
30	-2.8	-10	0
31	3.9	-11.1	0
32	1.7	-9.4	0
33	0	-10	0
34	-5.6	-16.1	0
35	-15	-20	0
36	-5.6	-18.9	0
37	2.2	-18.3	0
38	1.7	-10	0
39	2.2	-2.2	0
40	0	-8.9	0
41	-2.8	-8.3	0
42	-1.1	-7.2	0
43	1.7	-5	0
44	2.2	-5.6	0.1
45	-1.7	-10	0
46	-1.1	-10	0.1
47	0	-10.6	0
48	2.8	-11.1	0.13
49	-1.7	-11.7	0.15
50	0	-11.7	0
51	-5.6	-16.7	0.03
52	-0.6	-13.3	0
53	1.1	-8.9	0
54	0.6	-8.3	0
55	3.9	-9.4	0
56	4.4	-7.2	0
57	3.9	-3.9	0
58	3.9	0	0
59	1.7	-5	0
60	0	-6.1	0.56
61	-3.9	-18.3	0
62	-5.6	-18.9	0
63	-5.6	-16.7	0
64	-7.2	-15.6	0
65	-1.1	-15	0
66	0.6	-12.8	0
67	1.7	-11.7	0
68	2.2	-11.1	0
69	2.2	-8.3	0
70	0	-7.8	0
71	-6.7	-15	0.13
72	-0.6	-10	0
73	3.9	-6.1	0
74	0	-8.9	0
75	2.8	-5.6	0
76	3.3	-3.9	0
77	6.1	0	0
78	5	-3.9	0.18
79	0.6	-11.7	0
80	2.8	-10	0
81	5	-5	0
82	4.4	-4.4	0.2
83	2.8	-6.7	0.2
84	2.8	-6.7	0.08
85	2.2	-12.2	0
86	1.1	-5.6	0.15
87	0	-11.7	0
88	3.9	-8.3	0
89	3.9	-10.6	0
90	5.6	-5.6	0
91	6.1	0	0
92	2.8	-6.7	0.43
93	7.8	-8.9	0
94	14.4	-2.2	0
95	16.1	0	0
96	13.3	0.6	0
97	7.8	0.6	0.03
98	13.3	-0.6	0
99	10	0	0.71
100	11.7	-2.8	0
101	17.8	1.7	0
102	15.6	5.6	0
103	11.7	1.7	0
104	11.7	1.7	0.1
105	10	-1.1	0
106	4.4	-4.4	0.03
107	5.6	-1.1	0
108	7.2	-1.7	0
109	7.2	-2.8	0.08
110	8.9	-2.8	0
111	11.7	-2.2	0
112	12.2	2.2	0
113	12.2	-1.7	0
114	17.2	-1.7	0
115	16.7	1.1	0.66
116	NA	NA	NA
117	5	-2.2	0
118	3.9	-3.9	0.86
119	7.8	-2.2	0.03
120	10.6	0	0
121	15	0	0
122	18.3	-0.6	0
123	17.8	1.1	0
124	19.4	4.4	0
125	18.3	3.3	0.94
126	15	0.6	0
127	14.4	6.1	0
128	20.6	3.9	0
129	21.1	4.4	0
130	20	6.7	0
131	18.9	3.9	0
132	17.8	4.4	0.58
133	16.1	2.2	0
134	21.7	2.8	0
135	23.9	7.2	0
136	15.6	1.7	0
137	18.3	1.7	0
138	25	4.4	0
139	23.9	8.9	0
140	23.9	7.8	0
141	21.1	4.4	0
142	22.2	2.8	0
143	21.1	8.9	0.28
144	16.1	7.8	0.23
145	19.4	5	0
146	18.3	6.1	0
147	20	3.3	0
148	23.9	3.9	0
149	22.2	8.3	0
150	19.4	1.7	0
151	22.2	2.8	0
152	20	7.2	0
153	21.7	5.6	0
154	22.2	5.6	0
155	24.4	6.1	0
156	23.3	3.9	0
157	24.4	10.6	0
158	26.1	10	0
159	27.2	10	0
160	27.8	11.1	0
161	26.1	7.2	0
162	24.4	8.3	0
163	20.6	4.4	0.56
164	16.7	2.8	1.04
165	12.8	0.6	0
166	14.4	0	0.71
167	20.6	1.7	0
168	18.9	8.9	0
169	15	5	0.33
170	19.4	5.6	0
171	25	3.3	0
172	25	12.2	0
173	27.2	8.3	0.18
174	24.4	9.4	1.42
175	16.1	4.4	0
176	20.6	1.1	0
177	20	3.3	0
178	18.3	-2.2	0
179	25.6	1.7	0
180	28.3	8.9	0
181	32.8	12.2	0
182	30	15	0
183	28.9	9.4	0.28
184	25	6.7	0
185	30	7.8	0
186	31.7	9.4	0
187	31.7	10.6	0
188	34.4	14.4	0
189	33.3	12.8	0
190	32.8	15.6	0
191	32.2	13.3	0
192	32.8	12.8	0
193	33.9	14.4	0
194	31.1	15	0
195	26.7	8.3	0
196	29.4	11.7	0
197	30.6	12.8	0
198	32.8	15.6	0
199	31.1	17.2	0
200	26.7	15	0.61
201	26.7	11.1	0.36
202	27.8	11.1	0
203	32.2	11.1	0
204	32.2	8.9	0
205	34.4	13.9	0
206	33.3	15	0
207	27.8	13.9	0
208	30.6	12.8	0
209	32.8	11.7	0
210	30	10.6	0
211	29.4	15	0
212	27.8	11.1	0.33
213	26.7	13.9	0
214	26.7	15	0.99
215	22.8	12.2	0
216	22.8	7.8	0
217	24.4	7.8	0
218	25	6.1	0.2
219	28.9	9.4	0
220	28.3	7.2	0
221	25	7.8	0
222	26.1	6.7	0
223	25	8.9	0
224	27.2	10	0
225	27.8	11.1	0
226	27.2	8.3	0.13
227	29.4	10.6	0
228	26.7	10.6	0.18
229	17.2	3.3	0.1
230	23.9	8.9	0
231	24.4	10.6	0.53
232	23.3	9.4	0
233	28.9	8.9	0
234	31.7	8.3	0
235	30	11.1	0
236	25.6	10.6	2.51
237	23.9	8.3	0
238	28.9	9.4	0
239	28.3	8.3	0
240	20	1.1	0
241	26.1	5	0
242	28.9	10	0
243	28.9	11.1	0
244	28.3	12.2	0
245	29.4	10	0
246	31.1	9.4	0
247	30	9.4	0
248	28.9	8.3	0
249	32.2	8.9	0
250	30.6	15	0.13
251	17.8	2.2	0
252	17.2	1.1	0
253	22.8	2.2	0
254	26.7	3.9	0
255	25.6	11.1	3.07
256	17.8	7.2	1.17
257	19.4	4.4	0
258	20	6.7	0
259	23.9	8.9	0
260	24.4	11.7	0
261	23.3	8.9	0
262	18.9	7.8	1.04
263	16.7	6.7	0
264	21.7	7.8	0
265	23.9	8.3	0
266	22.2	10	0
267	20.6	5.6	0.13
268	20	5.6	0.15
269	18.3	7.8	0
270	18.9	8.9	0
271	18.9	4.4	0
272	21.7	3.9	0
273	23.3	6.1	0
274	23.3	5.6	0
275	23.9	5.6	0
276	21.1	10	0
277	14.4	2.8	3.18
278	11.7	1.7	0
279	10	0	0
280	12.2	1.1	0
281	13.3	-1.7	0
282	16.7	0	0
283	18.9	2.8	0
284	17.8	5	0
285	17.2	4.4	0
286	17.2	1.1	0
287	17.2	0.6	0
288	17.2	1.1	0
289	17.2	-1.1	0
290	15	-0.6	0
291	11.7	-1.7	0
292	8.3	-5	0
293	9.4	-7.8	0
294	11.7	-4.4	0
295	13.3	-1.7	0
296	12.2	-3.9	0
297	10.6	0.6	0
298	8.9	-3.3	0
299	8.3	2.2	0
300	9.4	-2.8	0
301	7.2	-5.6	0
302	10	-3.9	0
303	9.4	-1.7	0
304	11.7	-2.2	0
305	10	-1.1	0
305	10	-2.2	0
306	11.1	3.3	0
307	15.6	3.9	0
308	13.3	-1.1	0
309	11.1	0	0
310	16.7	2.2	0
311	13.9	-0.6	0
312	12.8	0.6	0
313	13.9	-0.6	0
314	12.8	-0.6	0
315	10	-4.4	0
316	7.2	-5.6	0
317	4.4	-11.1	0
318	5.6	-11.1	0
319	1.7	-7.8	0
320	6.7	-6.1	0
321	5.6	-1.1	0
322	10	-0.6	0
323	6.1	-1.7	0
324	6.7	-4.4	0
325	6.1	-6.7	0
326	7.2	-5.6	0
327	7.2	-5	0
328	5	-2.8	0
329	5	-5	0
330	0	-12.2	0
331	-7.2	-18.9	0
332	-7.2	-17.2	0
333	-2.8	-13.3	0
334	-1.1	-11.7	0
335	1.7	-11.7	0
336	2.8	-8.3	0
337	3.3	-9.4	0
338	0	-7.2	0
339	-2.8	-7.2	0
340	-5.6	-8.3	0
341	-1.7	-7.8	0
342	3.9	-3.3	0
343	3.3	-2.8	0
344	-1.7	-13.3	0
345	-3.9	-9.4	0
346	4.4	-10.6	0
347	2.2	-6.1	0
348	3.3	-9.4	0
349	3.3	-11.1	0
350	6.1	-8.3	0
351	8.9	-8.3	0
352	2.2	-7.8	0
353	3.3	-8.3	0
354	2.2	-13.9	0
355	-2.2	-10.6	0
356	0	-12.2	0
357	-2.2	-10.6	0
358	-2.2	-12.2	0
359	-1.1	-12.2	0
360	3.3	-5.6	0
361	3.3	-11.1	0
362	1.1	-12.8	0
363	2.8	-10	0
364	-2.8	-6.7	0
365	-3.3	-11.1	0
366	-5.6	-12.8	0
