#weather for site US Sheep Experiment Station year = 1942
#DOY Tmax(C) Tmin(C) PPT(cm)
1	-16.1	-21.1	0.08
2	-13.9	-22.2	0.13
3	-15.6	-26.7	0
4	-17.8	-25	0
5	-12.2	-23.9	0
6	-10	-18.3	0.08
7	-5.6	-11.7	0.03
8	-5	-12.2	0
9	-4.4	-8.3	0
10	2.2	-7.8	0
11	4.4	-10.6	0
12	0.6	-10.6	0
13	2.8	-12.8	0
14	5.6	-11.7	0
15	-1.7	-8.9	0.1
16	-1.7	-9.4	0.13
17	-2.2	-6.7	0.03
18	-3.9	-8.3	0
19	3.3	-15	0
20	3.9	-11.1	0
21	3.9	-12.8	0
22	-1.7	-6.7	0.13
23	1.7	-2.8	0.05
24	1.1	-1.1	0.46
25	0	-5.6	0
26	5.6	0	0.13
27	2.8	-0.6	2.34
28	-0.6	-2.8	0
29	-2.8	-15.6	0
30	-4.4	-7.8	0
31	-1.7	-6.1	0.2
32	-0.6	-5	0
33	0	-2.2	0.33
34	-0.6	-3.9	0
35	-0.6	-7.8	0.18
36	-0.6	-6.7	0.2
37	-0.6	-3.9	0.08
38	-1.7	-8.3	0
39	-1.1	-9.4	0
40	NA	NA	NA
41	-3.9	-20	0
42	-7.2	-16.1	0
43	-2.2	-16.7	0
44	-3.9	-10.6	0
45	-4.4	-13.3	0
46	-5.6	-15	0.05
47	-7.2	-13.9	0.08
48	-13.9	-25	0
49	-12.8	-27.8	0
50	-7.8	-22.2	0
51	-6.7	-18.3	0
52	-2.2	-9.4	0.08
53	-1.1	-10.6	0.25
54	-8.3	-18.9	0
55	-6.1	-15	0
56	-7.2	-16.1	0
57	-6.7	-16.7	0
58	-0.6	-14.4	0
59	-3.9	-16.1	0
60	-2.2	-8.3	0
61	3.3	-9.4	0
62	0.6	-6.7	0
63	0	-13.3	0
64	-0.6	-10.6	0
65	-1.1	-7.8	0
66	-3.3	-13.3	0
67	1.7	-10	0
68	0	-6.7	0
69	1.7	-6.7	0
70	3.9	-3.3	0
71	1.7	-2.2	0.18
72	1.1	-2.8	0.13
73	0.6	-5.6	0.56
74	-0.6	-14.4	0
75	-1.7	-14.4	0
76	-1.7	-15	0
77	0.6	-7.8	0
78	-0.6	-10.6	0
79	-2.8	-13.9	0
80	0	-12.2	0
81	2.8	-9.4	0
82	3.3	-4.4	0
83	3.3	-4.4	0
84	0.6	-6.7	0
85	0.6	-10	0
86	1.7	-9.4	0
87	4.4	-9.4	0
88	4.4	-10.6	0
89	8.9	-6.7	0
90	7.8	-6.1	0
91	8.3	0	0
92	7.2	-5.6	0
93	10.6	-2.2	0
94	9.4	2.8	0.13
95	7.8	-0.6	0.18
96	10.6	-2.2	0
97	12.8	-1.7	0
98	11.1	-1.1	0
99	16.7	0	0
100	18.9	3.3	0
101	16.7	5.6	0.1
102	18.9	3.3	0
103	18.9	3.3	0
104	17.2	5.6	0
105	12.2	-1.1	0
106	18.3	-0.6	0
107	15.6	3.3	0.05
108	13.3	1.7	0
109	18.9	2.2	0
110	19.4	3.9	0
111	23.3	5.6	0
112	19.4	0	0.43
113	5.6	-2.2	0
114	11.1	-2.8	0
115	8.9	-3.3	0.2
116	6.1	-5	0.15
117	6.1	-3.3	0.05
118	7.8	-0.6	0.46
119	6.7	-0.6	0.3
120	11.7	-0.6	0
121	11.7	0	0
122	5.6	0	0.66
123	8.9	-0.6	0.1
124	4.4	-1.7	2.26
125	11.7	0	0
126	14.4	-1.7	0
127	18.9	1.7	0
128	20	4.4	0
129	21.7	5.6	0
130	15.6	3.3	0
131	5.6	-4.4	0.05
132	5	0.6	0
133	10.6	0.6	0
134	12.2	-2.2	0
135	12.8	3.3	0.15
136	7.8	0	0
137	6.7	-1.1	0.33
138	12.2	-1.7	0
139	15.6	2.2	0.03
140	20	3.9	0
141	22.8	7.2	0
142	26.1	7.8	0
143	20	10.6	0
144	20	6.1	0
145	25.6	1.7	0
146	21.1	0.6	0
147	14.4	2.2	0
148	13.3	-0.6	0
149	12.2	4.4	0.71
150	12.2	2.2	0.69
151	16.7	0	0
152	19.4	2.2	0
153	22.8	5.6	0
154	23.3	7.2	0
155	22.2	6.1	0.13
156	21.7	6.7	0.03
157	27.2	6.7	0
158	25.6	12.2	0.2
159	23.3	7.8	0
160	22.2	8.3	0.15
161	19.4	2.8	0
162	17.2	0.6	0
163	17.2	5.6	0
164	21.1	3.9	0
165	22.2	3.9	0
166	18.9	7.8	0.15
167	19.4	5	0
168	23.9	3.9	0
169	22.2	7.2	0
170	18.9	2.2	0
171	16.7	5	0
172	20	4.4	0
173	23.3	5.6	0
174	27.8	7.8	0
175	25.6	11.1	0
176	26.1	9.4	0
177	18.9	4.4	1.63
178	12.2	3.9	0.05
179	19.4	5	0.05
180	23.9	6.7	0
181	27.2	10	0
182	27.8	12.2	0
183	28.9	11.7	0
184	29.4	12.2	0.05
185	32.2	13.3	0
186	34.4	15	0
187	33.3	12.8	0
188	32.2	15	0.38
189	32.2	13.9	0
190	31.1	15	0
191	32.2	14.4	0
192	28.3	14.4	0
193	28.3	6.7	0
194	31.7	10	0
195	31.7	17.8	0
196	28.3	13.3	0.13
197	27.2	12.2	0.05
198	28.9	10	0
199	26.1	9.4	0
200	25.6	11.7	0
201	28.9	12.2	0
202	32.2	11.7	0
203	34.4	12.8	0
204	35	13.9	0
205	31.1	13.9	0
206	31.1	12.8	0
207	31.7	14.4	0
208	30	12.8	0.03
209	31.7	13.9	0
210	31.7	13.9	0
211	30.6	10	0.03
212	31.1	8.9	0
213	30	11.7	0
214	31.1	13.3	0
215	32.2	13.9	0
216	33.3	11.7	0
217	31.1	10	0
218	30	12.8	0
219	30	14.4	0
220	31.7	13.3	0
221	33.3	14.4	0
222	33.9	13.3	0
223	33.3	13.3	0
224	29.4	11.1	0
225	28.3	8.3	0
226	27.2	8.9	0
227	29.4	11.1	0
228	32.2	11.7	0
229	31.7	15	0
230	31.7	11.1	0
231	32.8	11.7	0
232	32.2	12.2	0
233	31.1	13.9	0
234	30.6	11.1	0
235	33.3	11.7	0
236	30.6	16.7	0
237	26.7	11.7	0.05
238	27.2	8.3	0
239	25	9.4	0
240	20.6	2.2	0
241	20.6	9.4	0
242	22.2	3.3	0
243	22.8	4.4	0
244	27.2	5.6	0
245	30.6	8.9	0
246	30	10.6	0
247	30	10.6	0
248	28.9	10	0
249	28.9	9.4	0
250	28.3	7.8	0
251	29.4	10.6	0
252	24.4	7.2	0
253	21.1	2.8	0
254	17.2	7.8	0
255	12.8	7.2	0.76
256	18.9	3.3	0
257	20.6	7.2	0
258	24.4	4.4	0
259	23.3	6.1	0
260	15.6	1.1	0.2
261	10.6	0.6	0
262	16.1	-2.2	0
263	20.6	1.1	0
264	21.1	7.2	0
265	21.7	5.6	0
266	22.2	7.8	0
267	22.8	6.1	0
268	18.9	4.4	0
269	20	0.6	0
270	23.9	3.9	0
271	25	7.8	0
272	25	7.8	0
273	21.1	6.7	0
274	22.2	5	0
275	17.8	4.4	0
276	16.7	3.3	0
277	19.4	4.4	0
278	20.6	2.2	0
279	23.3	4.4	0
280	25	4.4	0
281	22.8	3.3	0
282	24.4	5	0
283	19.4	6.7	0.13
284	13.3	5.6	0.51
285	15	2.8	0.28
286	15.6	3.9	0.43
287	11.7	5	0
288	10.6	3.9	0.03
289	15	3.3	0
290	16.1	1.1	0
291	17.2	1.7	0
292	16.1	1.1	0
293	17.2	3.3	0
294	13.9	0	0
295	15.6	1.1	0
296	10	-3.3	0
297	8.3	-6.7	0
298	9.4	-5.6	0
299	5	-3.9	0
300	7.2	-3.3	0
301	6.7	-6.1	0
302	2.2	-9.4	0
303	5.6	-10.6	0
304	4.4	-7.2	0
305	8.3	-2.2	0
306	4.4	-5.6	0
307	6.7	1.1	0.18
308	2.8	-6.7	0
309	2.8	-8.3	0
310	3.3	-8.3	0
311	4.4	-3.9	0
312	6.1	0.6	0.2
313	2.2	-5.6	0
314	3.9	-9.4	0
315	6.1	-8.3	0
316	8.3	-6.1	0
317	10	-5.6	0
318	8.9	-2.2	0
319	8.9	-1.1	0.05
320	3.9	-10.6	0
321	0.6	-5	0.38
322	4.4	0	1.19
323	3.9	-3.9	0
324	0	-5.6	0
325	-0.6	-10.6	0
326	0	-9.4	0
327	3.9	-5	0
328	5	0	0
329	10.6	-6.1	0
330	-4.4	-10.6	0.1
331	0.6	-8.9	0.3
332	1.7	-10.6	0
333	-0.6	-7.2	0
334	4.4	-11.7	0.03
335	-3.3	-12.8	0.13
336	-3.9	-11.1	0.18
337	-4.4	-17.2	0
338	-5.6	-15.6	0
339	-8.3	-18.3	0.51
340	-6.7	-11.7	0.76
341	-5.6	-15.6	0.1
342	-2.2	-12.8	0.05
343	-2.2	-10.6	0
344	-1.7	-10.6	0
345	-2.2	-7.2	0
346	0.6	-6.1	0
347	1.1	-4.4	0.58
348	0	-11.1	0
349	-3.3	-6.1	0.05
350	-2.8	-6.1	0
351	0	-11.7	0
352	2.2	-6.7	0
353	1.7	-11.7	0
354	3.9	-11.1	0
355	0.6	-10	0
356	-1.1	-7.8	0
357	1.1	-3.9	0.41
358	1.1	-2.8	0.56
359	1.1	-10	0
360	-5	-20	0
361	-6.7	-18.3	0
362	-1.1	-8.9	0.03
363	-1.1	-10	0
364	-0.6	-11.1	0
365	-0.6	-5	0
