#weather for site US Sheep Experiment Station year = 1991
#DOY Tmax(C) Tmin(C) PPT(cm)
1	-1.7	-16.7	0
2	0.6	-13.9	0
3	-0.6	-15	0
4	-4.4	-16.1	0
5	-1.7	-15	0
6	-3.9	-7.8	0.05
7	-3.9	-7.2	0
8	1.7	-8.9	0
9	-3.9	-10.6	0
10	-2.2	-6.7	0.03
11	0	-3.9	0.03
12	-1.1	-4.4	0.18
13	-2.8	-6.7	0
14	1.1	-6.7	0.28
15	0	-7.8	0
16	-2.2	-7.8	0
17	0	-5.6	0
18	-1.7	-7.2	0.08
19	-3.3	-12.2	0
20	-6.1	-17.2	0
21	-7.8	-16.7	0
22	-3.3	-12.8	0
23	-2.8	-13.9	0
24	-5.6	-17.8	0
25	-7.8	-20.6	0
26	-6.7	-16.7	0
27	-6.7	-12.2	0
28	-13.3	-26.7	0
29	-6.7	-19.4	0
30	2.2	-12.2	0
31	5.6	-11.7	0
32	6.1	-8.9	0
33	1.7	-4.4	0
34	4.4	-3.9	0
35	5.6	-3.9	0
36	7.2	-5	0
37	8.9	-7.2	0
38	8.3	-6.7	0
39	6.7	-7.2	0
40	7.8	-6.7	0
41	6.1	-8.3	0
42	2.2	-6.1	0
43	2.8	-3.3	0
44	2.8	-3.9	0
45	5	-0.6	0
46	4.4	0	0.56
47	3.9	-1.7	0
48	1.7	-7.8	0
49	0.6	-5.6	0.05
50	6.1	-1.7	0
51	5.6	-4.4	0
52	10	-0.6	0
53	6.7	-3.9	0
54	4.4	-6.7	0
55	7.2	-7.2	0
56	6.1	-6.7	0
57	4.4	-6.7	0
58	7.2	-7.2	0
59	4.4	-1.1	1.02
60	6.7	-0.6	0.33
61	3.9	-5.6	0.3
62	3.3	-1.7	1.3
63	3.9	-1.7	0
64	-1.1	-12.2	0.03
65	0	-11.1	0
66	5	-9.4	0
67	7.2	-8.3	0
68	9.4	-1.1	0
69	3.9	-2.2	0.08
70	0.6	-6.1	0
71	3.3	-3.9	0.1
72	7.8	-4.4	0
73	5.6	-4.4	0.05
74	6.7	-4.4	0
75	6.7	-1.1	0
76	10.6	-5	0
77	13.3	-1.7	0
78	11.7	-1.1	0
79	10	-5	0
80	8.9	-4.4	0
81	5	-3.3	0.91
82	7.8	-1.1	0
83	5.6	-3.9	0.13
84	3.3	-2.8	0.05
85	6.1	-5	0
86	8.3	-6.7	0
87	8.3	-3.9	0
88	11.1	-5.6	0
89	15	-2.8	0
90	16.7	-1.7	0
91	15.6	-1.1	0
92	13.9	-3.3	0
93	17.8	0	0
94	19.4	2.2	0
95	16.7	2.2	0
96	8.9	-3.9	0.08
97	NA	NA	NA
98	6.1	-7.2	0
99	6.1	-5	0.46
100	4.4	-5	0
101	7.2	-3.9	0
102	8.3	-2.2	0
103	5.6	-3.9	0
104	11.7	-5	0
105	12.2	0	0.38
106	8.3	-1.1	0.41
107	9.4	-0.6	0.08
108	8.9	-0.6	0.15
109	11.1	0	0.38
110	15.6	-1.7	0
111	16.1	0.6	0
112	16.7	-1.7	0
113	16.7	-0.6	0.05
114	13.3	1.7	0.03
115	12.8	0	1.12
116	6.7	-0.6	0
117	8.3	-6.1	0
118	12.2	0	0
119	11.7	-0.6	0.08
120	10	-2.8	0
121	14.4	-3.3	0
122	13.9	-1.1	0.18
123	8.3	-1.7	0.03
124	8.3	-1.7	0
125	13.9	-3.9	0
126	12.8	5	0.79
127	13.9	2.2	0.28
128	13.3	5	0.18
129	8.9	0	2.69
130	7.2	1.1	0.58
131	11.1	1.7	0.18
132	10	0.6	0.28
133	15.6	0.6	0.1
134	16.7	5	0.03
135	17.8	6.7	0.05
136	18.9	2.8	0
137	20	7.8	0.1
138	11.7	3.9	0.56
139	14.4	-0.6	1.32
140	18.3	5	0
141	22.2	3.9	0
142	23.3	7.8	0.2
143	20.6	4.4	0.03
144	21.1	5	0.13
145	22.2	7.2	0
146	20.6	4.4	0
147	15.6	0	0
148	16.1	-1.7	0
149	16.1	1.1	0.28
150	15	4.4	0.08
151	18.3	5	0.81
152	23.9	7.2	0
153	23.3	8.9	0.33
154	18.9	6.7	0
155	20	7.8	1.35
156	18.3	5.6	1.83
157	21.1	2.8	0.46
158	19.4	5	0
159	20	3.3	0
160	22.8	4.4	0
161	25.6	7.2	0
162	27.8	8.3	0
163	26.7	6.1	0
164	24.4	10.6	0
165	20.6	3.3	0
166	21.1	-0.6	0
167	25	5	0
168	21.1	6.7	0
169	26.1	5	0
170	28.3	13.9	0
171	26.1	7.2	0
172	25.6	6.7	0
173	25.6	6.7	0
174	27.2	7.8	0
175	24.4	10.6	0
176	24.4	8.3	0.23
177	19.4	3.9	0
178	22.8	3.3	0.08
179	21.1	7.2	0.33
180	23.3	7.8	0.46
181	19.4	7.2	0.38
182	23.9	6.1	0
183	27.2	8.9	0
184	30.6	10.6	0
185	31.7	12.2	0
186	30.6	11.7	0
187	31.1	10	0
188	31.7	10.6	0
189	31.7	12.8	0
190	31.1	10.6	0
191	27.8	11.1	0.36
192	27.2	10.6	0
193	31.1	10	0
194	33.3	12.8	0
195	33.3	14.4	0
196	32.8	11.7	0
197	32.8	13.3	0
198	29.4	11.1	0
199	29.4	11.1	0
200	28.9	8.9	0
201	30	11.1	0
202	29.4	10	0.28
203	30.6	11.7	0
204	30	12.2	0
205	28.9	12.2	0.05
206	26.1	11.1	0.25
207	27.8	9.4	0
208	29.4	10.6	0
209	31.7	12.8	0
210	32.2	12.2	0.13
211	29.4	10.6	0
212	32.2	11.1	0
213	31.7	12.2	0
214	30	10.6	0
215	30.6	10.6	0
216	29.4	13.9	0
217	30	10	0
218	29.4	9.4	0.03
219	31.7	10.6	0
220	32.2	11.1	0
221	32.8	12.8	0
222	32.2	13.9	0
223	31.7	11.7	0
224	31.1	10.6	0
225	31.7	10	0
226	31.1	15.6	0
227	29.4	15	0
228	28.3	11.7	0
229	27.8	11.1	1.02
230	30	11.1	0.25
231	29.4	13.3	0
232	29.4	8.9	0
233	30.6	11.7	0.53
234	32.2	11.1	0
235	31.1	14.4	0
236	32.2	12.8	0
237	31.1	12.8	0
238	30	12.2	0
239	29.4	13.3	0
240	27.2	12.2	1.14
241	26.7	6.1	0
242	30.6	10	0
243	31.7	12.2	0
244	29.4	12.8	0
245	30	7.8	0
246	27.8	11.1	0
247	28.3	10.6	0
248	29.4	12.2	0
249	30	10.6	0
250	28.9	11.1	0.48
251	20	9.4	0.33
252	19.4	7.8	0.13
253	18.3	6.1	0.84
254	13.3	5.6	0.36
255	19.4	3.3	0
256	21.1	3.9	0
257	20.6	3.3	0.36
258	16.7	0.6	0
259	18.9	0	0
260	17.2	7.2	0
261	20	1.1	0
262	23.9	3.9	0
263	25	5.6	0
264	24.4	7.2	0
265	18.9	-1.1	0
266	20	1.7	0
267	22.8	4.4	0
268	26.1	5.6	0
269	26.7	6.1	0
270	26.7	6.7	0
271	25	8.9	0.1
272	21.1	7.2	0.2
273	21.7	3.9	0
274	23.9	4.4	0
275	24.4	6.1	0
276	21.7	0.6	0
277	15	-2.2	0
278	15.6	-3.3	0
279	20	0	0
280	20.6	3.9	0
281	21.1	3.3	0
282	22.2	3.9	0
283	23.9	5	0
284	24.4	5.6	0
285	23.9	4.4	0
286	19.4	3.3	0
287	20	2.2	0
288	20.6	1.7	0
289	23.9	4.4	0
290	21.1	5	0
291	14.4	-3.9	0
292	12.8	-1.1	0
293	13.9	-2.8	0
294	16.7	-1.7	0
295	12.8	5.6	0.23
296	8.3	-0.6	1.09
297	1.7	-7.8	0
298	1.7	-1.7	0.36
299	5	-1.7	2.03
300	-1.7	-9.4	0
300	4.4	-3.3	1.22
301	-3.3	-10.6	0
302	-1.7	-15	0
303	-3.9	-8.3	0.1
304	-5	-10.6	0
305	-3.9	-18.3	0
306	-3.9	-18.3	0
307	-2.2	-13.3	0
308	-0.6	-6.7	0.08
309	3.3	-3.9	0
310	4.4	-6.1	0
311	7.2	-2.2	0
312	10.6	-2.2	0.13
313	7.2	-2.2	0
314	6.1	-3.3	0
315	7.2	-1.7	0
316	5	1.7	0.05
317	3.3	-5	0
318	3.9	-5	0
319	2.2	-8.9	0
320	4.4	-5	0
321	3.9	-2.2	0.48
322	1.1	-10	0
323	0	-5.6	0.2
324	1.7	-8.9	0
325	-0.6	-10	0
326	-2.8	-13.3	0
327	-2.8	-7.8	0.46
328	-1.1	-4.4	0.1
329	-0.6	-10	0
330	2.8	-3.3	0.08
331	0	-6.7	0
332	-3.9	-6.7	0
333	-5	-16.7	0
334	-9.4	-19.4	0
335	-2.8	-12.8	0.15
336	-5.6	-16.1	0
337	-1.1	-9.4	0
338	2.8	-6.1	0
339	3.9	-4.4	0
340	3.3	-4.4	0.25
341	-1.1	-8.9	0
342	-2.2	-5	0
343	0.6	-8.3	0
344	-6.1	-13.3	0.03
345	-5.6	-11.1	0.13
346	-1.1	-11.1	0.38
347	-1.7	-13.9	0
348	0.6	-13.9	0
349	3.3	-11.7	0
350	5.6	-10.6	0
351	1.7	-7.2	0.15
352	1.7	-6.1	0.05
353	-5	-16.7	0
354	-1.1	-16.7	0
355	0	-12.8	0
356	1.1	-11.7	0
357	2.2	-11.7	0
358	2.8	-12.2	0
359	4.4	-12.2	0
360	5	-8.3	0
361	3.3	-7.8	0
362	0.6	-3.9	0.03
363	0.6	-5	0
364	2.2	-7.8	0
365	-0.6	-9.4	0.03
