#weather for site US Sheep Experiment Station year = 2012
#DOY Tmax(C) Tmin(C) PPT(cm)
1	6.1	-6.7	0
2	6.1	-6.7	0
3	6.1	-5	0
4	5	-6.1	0
5	1.1	-10.6	0
6	0	-8.9	0
7	-2.2	-7.8	0
8	-1.1	-6.1	0
9	-1.1	-4.4	0
10	-2.8	-12.2	0
11	-3.9	-17.2	0
12	-2.2	-13.9	0
13	2.2	-9.4	0
14	5.6	-9.4	0
15	0	-13.9	0.15
16	-7.2	-19.4	0
17	-1.7	-11.1	0
18	1.1	-4.4	0
19	1.7	-5	0
20	10.6	1.1	1.88
21	5.6	-10	0.03
22	-1.7	-5	0.56
23	-2.8	-16.1	0
24	0	-6.7	0.03
25	-0.6	-6.7	0
26	-2.2	-9.4	0
27	-6.7	-13.3	0
28	-2.8	-9.4	0
29	-0.6	-8.3	0
30	-2.2	-10.6	0
31	0.6	-9.4	0
32	1.1	-3.9	0
33	-0.6	-7.2	0
34	1.1	-11.7	0
35	1.1	-11.7	0
36	1.1	-10.6	0
37	-0.6	-10	0
38	-1.1	-11.1	0
39	-1.1	-7.8	0
40	1.1	-3.3	0
41	4.4	-2.2	0
42	3.9	-1.1	0.36
43	1.7	-2.2	0.05
44	0.6	-5	0.03
45	0	-7.2	0.08
46	-1.1	-14.4	0
47	-0.6	-5.6	0.03
48	0.6	-5.6	0.1
49	0	-11.1	0.2
50	-2.2	-14.4	0
51	-0.6	-7.2	0
52	8.9	-3.9	0
53	5.6	-8.3	0
54	1.1	-11.1	0
55	0	-5	0
56	-1.7	-12.2	0
57	0	-10	0
58	2.8	-7.2	0
59	6.7	-8.3	0.43
60	-1.1	-13.9	0
61	-1.1	-11.7	0
62	-1.7	-10.6	0
63	4.4	-5	0
64	7.2	-5	0
65	6.7	-2.8	0
66	2.8	-11.1	0
67	4.4	-11.1	0
68	6.1	-7.2	0
69	7.2	-3.9	0
70	10	-2.2	0
71	NA	NA	NA
72	11.1	1.1	0
73	11.1	4.4	0
74	16.7	9.4	0
75	18.3	12.2	0
76	16.7	8.3	0.08
77	16.7	-9999	0.99
78	15	-9999	0.94
79	10.6	5	0.2
80	9.4	1.7	0
81	13.3	6.7	0
82	20	6.1	0
83	20	8.9	0
84	21.1	5	0
85	21.7	7.2	0
86	20	7.2	0.1
87	12.8	1.1	0.03
88	13.3	5	0
89	12.2	1.1	0
90	13.3	5.6	0.05
91	21.7	8.9	0.03
92	21.7	3.3	0
93	10.6	0	0
94	15	-1.7	0
95	17.2	2.8	0
96	14.4	1.7	0
97	10	1.1	0.61
98	8.9	-6.7	0.1
99	17.2	-5.6	0
100	20	4.4	0
101	23.3	4.4	0
102	22.8	6.7	0
103	20.6	6.1	0.46
104	12.2	1.1	0
105	16.1	1.1	0
106	13.9	3.3	0
107	12.8	-2.2	0
108	17.2	5	0
109	17.2	6.7	0.15
110	16.1	0.6	0
111	21.7	4.4	0
112	23.3	3.3	0
113	26.1	6.7	0
114	27.8	8.3	0
115	27.2	9.4	0.25
116	23.3	5	0.25
117	22.2	11.7	0.46
118	12.2	2.2	0.43
119	8.9	-1.1	0
120	14.4	1.7	0
121	17.2	3.3	0
122	16.1	2.8	0
123	15	1.1	0
124	16.1	6.1	0
125	16.1	1.7	0
126	16.1	1.7	0.13
127	13.9	-3.3	0
128	19.4	-0.6	0
129	22.2	2.8	0
130	26.1	5	0
131	25	5.6	0
132	16.1	1.1	0
133	20	1.7	0
134	23.9	3.3	0
135	26.1	4.4	0
136	28.9	7.8	0
137	28.9	8.9	0
138	23.9	8.3	0
139	22.2	7.2	0
140	20	2.2	0
141	23.3	3.9	0
142	28.3	6.7	0
143	27.2	12.2	0.15
144	18.9	3.9	0.08
145	13.3	-1.1	0
146	12.2	2.2	0.1
147	12.2	2.8	0.89
148	13.9	5	1.02
149	17.8	3.9	0.15
150	23.3	5	0
151	23.3	10.6	0
152	22.8	9.4	0
153	27.2	9.4	0
154	28.3	10	0.25
155	28.3	11.7	0
156	32.2	11.7	0
157	30.6	6.1	0
158	13.9	2.8	1.27
159	19.4	-0.6	0
160	22.8	8.9	0
161	20.6	6.1	0
162	18.3	1.7	0
163	21.7	3.9	0
164	25	5	0
165	26.7	11.1	0
166	26.7	9.4	0
167	24.4	7.8	0
168	27.8	8.3	0
169	31.1	8.3	0
170	30.6	10.6	0
171	23.9	3.3	0
172	21.1	4.4	0.05
173	27.8	4.4	0
174	31.7	12.8	0
175	30.6	11.1	0
176	32.8	12.2	0
177	32.8	12.8	0
178	32.2	12.8	0
179	24.4	2.2	0
180	31.7	7.8	0
181	32.2	10.6	0
182	32.8	13.3	0
183	32.2	12.2	0
184	32.2	13.3	0
185	31.1	13.9	0
186	29.4	10	0
187	29.4	15.6	0.05
188	30	8.3	0
189	32.2	13.3	0
190	31.7	13.3	0
191	33.3	13.9	0
192	33.9	13.9	0
193	31.7	14.4	0
194	35.6	12.2	0
195	35.6	17.2	0
196	29.4	15.6	0.2
197	27.8	13.9	0.66
198	26.7	13.3	0.03
199	27.8	11.1	0
200	31.1	11.7	0
201	32.8	11.1	0
202	31.7	15.6	0.05
203	32.8	13.3	0
204	32.8	13.3	0
205	30.6	14.4	0.53
206	28.9	15	0.03
207	31.1	12.8	0
208	33.3	12.8	0
209	33.3	17.2	0
210	33.9	12.8	0
211	34.4	15	0
212	35	13.9	0
213	34.4	12.8	0
214	34.4	13.9	0
215	32.2	13.3	0
216	32.2	13.9	0
217	28.9	8.3	0
218	33.9	11.7	0
219	32.8	15	0
220	32.8	12.8	0
221	34.4	13.9	0
222	33.9	16.1	0
223	32.2	13.9	0
224	30	11.1	0
225	31.1	11.7	0
226	32.8	13.3	0
227	32.8	11.7	0
228	31.7	12.2	0
229	30	10	0
230	31.1	15.6	0
231	31.7	13.9	0
232	31.1	13.3	0
233	28.3	15.6	0
234	28.9	12.2	0
235	29.4	11.7	0
236	30	9.4	0
237	29.4	8.9	0
238	28.3	5.6	0
239	30	10.6	0
240	28.9	15.6	1.04
241	32.2	11.1	0
242	31.1	10.6	0
243	27.8	7.8	0
244	28.3	12.8	0
245	26.7	12.8	0.66
246	24.4	6.7	0.05
247	26.7	6.7	0
248	27.2	7.8	0
249	26.7	7.8	0
250	24.4	7.8	0
251	24.4	7.8	0
252	26.1	8.3	0
253	27.8	8.3	0
254	27.2	11.7	0
255	26.1	3.9	0
256	22.2	4.4	0
257	23.9	3.3	0
258	27.2	5	0
259	28.3	8.9	0
260	26.1	10.6	0
261	22.2	6.7	0.05
262	23.3	5.6	0
263	24.4	7.2	0
264	24.4	6.7	0
265	25	8.9	0
266	26.7	8.3	0
267	26.1	10	0
268	24.4	10	0.05
269	19.4	7.2	0.05
270	22.2	7.2	0
271	22.8	6.7	0
272	23.3	5.6	0
273	23.3	8.3	0.2
274	23.9	6.7	0
275	23.9	7.8	0
276	23.3	4.4	0
277	22.8	2.8	0
278	11.7	-2.2	0
279	10	-3.3	0
280	12.2	-6.1	0
281	13.3	-2.8	0
282	15	-2.2	0
283	16.7	1.1	0
284	17.8	0	0
285	20	2.2	0
286	22.2	3.9	0
287	21.7	4.4	0
288	16.7	0.6	0
289	17.8	5.6	0
290	17.8	6.7	0.05
291	12.8	-6.7	0
292	11.1	-5	0
293	10.6	0	0
294	17.2	2.8	0
295	15	0.6	0
296	10.6	0	0.81
297	5.6	-0.6	0
298	4.4	-7.8	0
299	3.3	-5	0.28
300	0	-7.8	0
301	0	-3.3	0.2
302	5.6	-1.7	0.03
303	13.9	2.8	0
304	13.9	2.2	0
305	15.6	2.8	0
306	14.4	5	0
307	11.1	-3.3	0
308	10	-1.7	0
309	12.8	0.6	0
309	10.6	-0.6	0
310	13.3	1.1	0
311	13.9	0.6	0
312	12.8	3.9	0
313	9.4	-1.7	1.12
314	-1.7	-10.6	0
315	-3.9	-15	0
316	-2.2	-8.9	0
317	-1.1	-3.9	0.08
318	0	-3.3	0
319	3.3	-1.7	0
320	5	-2.8	0
321	6.7	-0.6	0
322	7.2	3.3	0.13
323	7.2	1.7	0
324	6.7	5	0.05
325	11.1	3.3	0.03
326	5.6	-4.4	0.08
327	5	-4.4	0
328	3.3	-2.2	0
329	2.2	-0.6	0.2
330	2.2	-7.8	0
331	4.4	-1.1	0
332	8.3	-1.1	0
333	5	1.1	0
334	5.6	1.7	0.2
335	8.9	2.2	-999.9
336	7.8	3.3	0.91
337	6.7	-2.8	0.1
338	1.1	-2.2	0.13
339	10.6	1.1	0.48
340	6.1	-0.6	0
341	1.1	-5	0
342	-0.6	-9.4	0.03
343	-3.3	-12.2	0
344	0.6	-9.4	0.03
345	-1.7	-8.9	0
346	1.7	-2.8	0
347	2.8	-5	0
348	1.7	-1.1	0.08
349	0	-4.4	0.18
350	-1.1	-6.1	0.1
351	7.8	-8.3	0.3
352	-1.1	-16.1	0
353	-8.3	-17.8	0
354	-4.4	-12.8	0
355	0.6	-10.6	0
356	1.1	-8.9	0
357	-1.7	-5.6	0.1
358	-1.1	-3.9	0.46
359	-3.3	-14.4	0
360	-4.4	-8.3	0.1
361	-4.4	-8.3	0
362	-7.8	-8.9	0
363	-5.6	-11.7	0.03
364	-3.3	-11.7	-999.9
365	-7.8	-16.7	-999.9
366	-8.9	-16.1	0
