#weather for site US Sheep Experiment Station year = 1958
#DOY Tmax(C) Tmin(C) PPT(cm)
1	1.1	-11.1	0
2	-2.2	-15	0
3	-5	-16.7	0
4	-2.2	-15	0
5	2.8	-12.2	0
6	3.3	-11.1	0
7	2.2	-10	0
8	-1.1	-11.7	0
9	-1.1	-7.8	0
10	-1.7	-5	0.05
11	-2.8	-7.2	0
12	1.7	-6.1	0
13	-2.8	-14.4	0
14	0	-6.1	0
15	0.6	-3.9	0
16	3.9	-11.1	0
17	0	-5	0
18	-2.2	-11.1	0
19	-2.8	-20.6	0
20	-2.8	-15	0
21	-5	-15.6	0
22	-6.7	-13.9	0.05
23	-2.2	-7.8	0
24	0.6	-9.4	0.2
25	0.6	-4.4	0
26	-0.6	-6.1	0
27	2.2	-6.1	0.15
28	0	-7.8	0.13
29	0	-4.4	0.3
30	-3.3	-10	0
31	-2.8	-15.6	0
32	1.7	-11.7	0
33	4.4	-7.8	0
34	3.3	-3.3	0
35	1.1	-6.1	0.13
36	-0.6	-7.8	0
37	-9999	-9.4	0
38	2.8	-2.2	0.08
39	1.1	-2.2	0.23
40	2.2	-1.7	0.25
41	0	-10	0
42	-2.2	-5.6	0.38
43	0	-3.9	0.18
44	-1.1	-9.4	0
45	-1.7	-5.6	0
46	2.8	-3.3	0.03
47	5.6	-1.7	0
48	6.7	-0.6	0
49	7.8	-1.7	0
50	6.7	-1.1	0
51	6.1	-2.8	0
52	7.2	-2.8	0
53	6.1	-0.6	0
54	3.3	0.6	0
55	3.9	-0.6	1.78
56	1.7	-1.7	0
57	0	-4.4	0
58	-1.1	-11.1	0
59	0	-7.2	0
60	1.1	-11.7	0
61	-0.6	-10	0
62	0.6	-11.1	0
63	-0.6	-7.8	0.33
64	2.2	-3.3	0.53
65	1.1	-3.3	0.3
66	0.6	-3.3	0.13
67	-0.6	-7.2	0
68	-1.7	-10	0
69	-4.4	-13.3	0
70	-2.2	-8.9	0
71	-2.8	-8.3	0
72	-1.7	-9.4	0
73	-0.6	-8.9	0.2
74	-0.6	-12.2	0
75	-1.1	-12.8	0.51
76	1.1	-11.7	0
77	1.1	-9.4	0
78	5.6	-5.6	0
79	5.6	0	1.12
80	7.2	-2.2	0
81	6.7	-1.1	0
82	5.6	0	-999.9
83	2.2	0	-999.9
84	3.3	-4.4	-999.9
85	1.7	-2.2	-999.9
86	7.2	-4.4	0
87	7.8	-3.3	0
88	7.8	0	0
89	7.2	-3.3	0.13
90	4.4	-2.2	0
91	6.7	-1.1	0.2
92	3.9	-1.1	0.51
93	1.1	-2.2	0.41
94	3.9	-2.2	0.08
95	5.6	-4.4	0
96	7.8	-1.7	0
97	9.4	-0.6	0
98	9.4	-1.1	0
99	7.2	-3.9	0
100	8.9	-3.3	0
101	12.8	-3.3	0
102	15	-2.2	0
103	17.2	-1.1	0
104	16.7	1.1	0
105	18.3	2.8	0
106	17.2	2.2	0
107	14.4	-1.1	0
108	14.4	-1.1	0
109	17.2	0	0
110	13.3	-1.7	0
111	10	-0.6	0.51
112	5.6	-2.8	0.05
113	3.9	-4.4	0.05
114	4.4	-2.8	0.1
115	5	-3.3	0.13
116	7.2	-5.6	0
117	NA	NA	NA
118	6.1	-6.1	0
119	10	-5.6	0
120	15	-2.2	0
121	16.7	0	0
122	20	0.6	0
123	20	1.1	0
124	21.1	6.7	0
125	23.9	3.3	0
126	23.3	9.4	0
127	21.7	4.4	0.13
128	18.9	5.6	0
129	21.1	5	0
130	22.2	3.9	0
131	21.7	6.1	0
132	18.3	-0.6	1.42
133	13.3	1.7	0
134	15.6	5.6	0
135	17.2	4.4	0
136	22.2	3.3	0
137	22.2	7.8	0
138	25.6	7.8	0
139	27.8	8.9	0
140	29.4	12.8	0
141	28.9	12.2	0
142	25.6	8.9	0
143	23.9	10	0
144	27.2	9.4	0.1
145	26.7	10	0.08
146	25.6	10	0.13
147	29.4	7.2	0
148	27.2	12.2	0
149	26.7	10	0
150	25.6	13.3	0.05
151	18.3	6.7	0.18
152	17.8	2.8	0.18
153	20	7.8	0
154	20	11.1	0.25
155	21.1	5.6	0.1
156	27.2	8.3	0
157	27.2	12.2	0.15
158	25.6	10	0
159	23.9	11.1	0
160	23.9	5.6	0
161	20.6	4.4	0.61
162	21.7	9.4	0.76
163	17.2	6.1	0.33
164	19.4	7.8	0.64
165	17.8	7.2	0.76
166	21.1	8.9	0
167	23.9	7.2	0
168	26.1	11.7	0
169	25.6	12.2	0.15
170	25	12.2	0.23
171	24.4	10.6	0.33
172	24.4	10.6	0
173	27.2	9.4	0
174	28.9	12.2	0
175	28.3	14.4	0.1
176	20	9.4	0
177	25.6	19.4	0
178	31.1	11.7	0
179	32.2	7.2	0
180	25.6	6.7	0
181	26.7	6.7	0
182	21.7	7.2	0
183	22.2	11.1	0
184	22.8	6.7	0.25
185	23.3	8.9	0
186	23.9	6.7	0
187	26.7	9.4	0
188	27.8	11.1	0
189	27.8	8.3	0
190	30.6	12.2	0
191	27.2	11.1	0
192	31.7	12.8	0
193	32.8	15.6	0
194	31.1	10.6	0
195	23.9	8.3	0
196	25.6	8.3	0
197	27.8	12.2	0
198	30.6	15	0
199	30	13.3	0
200	26.7	11.1	0
201	25.6	14.4	0
202	31.1	10	0
203	29.4	11.7	0
204	30	14.4	0
205	28.9	13.9	0
206	30	12.2	0
207	27.2	15	0
208	27.2	9.4	0
209	31.1	13.3	0
210	32.2	13.9	0.97
211	22.2	10.6	2.03
212	26.7	8.3	0.18
213	29.4	11.1	0
214	31.7	10	0
215	31.1	10.6	0
216	30.6	9.4	0
217	28.9	12.2	0
218	29.4	13.9	0
219	32.8	12.2	0
220	33.9	13.3	0
221	32.2	16.7	0.13
222	27.8	15	0
223	32.8	12.2	0
224	33.3	16.7	0.23
225	33.9	12.8	0
226	33.9	15	0
227	32.2	13.9	0
228	32.2	16.1	0
229	32.2	15.6	0.2
230	33.3	13.9	0
231	28.3	12.8	0
232	28.3	11.1	0
233	30.6	15	0
234	25.6	10.6	0
235	26.7	11.1	0
236	26.1	15	0
237	31.1	8.9	0
238	30.6	11.1	0.05
239	30.6	12.2	0
240	30.6	13.9	0
241	26.1	10.6	0
242	23.9	7.2	0
243	26.7	9.4	0
244	30	9.4	0
245	31.7	3.9	0
246	25	6.7	0
247	25.6	5.6	0
248	25.6	5.6	0
249	26.7	8.3	0
250	30	9.4	0
251	29.4	5.6	0
252	27.2	8.3	0.13
253	26.1	9.4	0.79
254	28.3	10.6	0
255	26.7	12.8	2.01
256	26.7	8.3	0
257	29.4	9.4	0
258	26.7	2.2	0.1
259	22.8	2.2	0
260	20	3.9	0
261	20.6	3.9	0
262	23.9	3.9	0
263	20.6	2.2	0
264	23.3	1.7	0
265	23.9	6.7	0
266	15	7.8	0
267	14.4	-0.6	0.13
268	15	-2.2	0
269	17.8	-0.6	0
270	21.7	3.3	0
271	21.1	5.6	0
271	20.6	3.3	0
272	17.2	1.1	0
273	NA	NA	NA
274	NA	NA	NA
275	NA	NA	NA
276	21.7	4.4	0
277	22.2	3.9	0
278	22.8	5.6	0
279	22.2	5	0
280	17.8	5	0
281	13.9	-1.7	0
282	17.2	1.7	0
283	20.6	3.9	0
284	22.2	5	0
285	22.2	2.2	0
286	24.4	7.2	0
287	23.9	6.7	0
288	20.6	5	0
289	20.6	3.3	0
290	21.7	7.8	0
291	21.1	1.7	0
292	11.1	-2.8	0
293	7.8	-7.2	0
294	10.6	-5	0
295	13.9	-2.8	0
296	14.4	-1.1	0
297	16.7	0	0
298	14.4	-0.6	0
299	13.9	2.2	0
300	12.8	0	0
301	14.4	-1.7	0
302	10.6	-3.3	0
303	10	-4.4	0
304	11.7	-4.4	0
305	8.9	-3.9	0
306	7.2	0	0
307	10.6	2.8	0
308	8.9	0	0
309	7.8	-3.9	0
310	7.2	0	0.03
311	10.6	-1.1	0
312	15.6	0	0
313	15.6	-1.7	0
314	5	-7.2	0
315	2.2	-7.2	0.13
316	5	-3.3	0.05
317	2.2	-1.7	0.05
318	-0.6	-10	0
319	-9.4	-17.2	0
320	-8.3	-16.7	0
321	-6.7	-15	0.05
322	0	-7.8	0
323	1.7	-0.6	0
324	10	-1.1	0
325	6.1	-3.3	0
326	3.3	-1.1	0
327	8.9	-0.6	0
328	5.6	-9.4	0
329	0	-10	0
330	-1.7	-13.9	0
331	-1.7	-12.8	0
332	3.3	-9.4	0
333	2.2	-6.7	0
334	6.1	-6.1	0
335	6.7	-6.7	0
336	4.4	-6.7	0.2
337	3.9	-5.6	0
338	0	-13.9	0
339	1.1	-7.8	0
340	3.9	-6.7	0
341	0	-6.7	0
342	0	-9.4	0
343	-1.1	-8.3	0
344	2.8	-2.8	0
345	1.7	-2.8	0.43
346	-1.7	-12.2	0
347	-1.1	-12.8	0
348	1.1	-8.3	0
349	2.2	-12.2	0
350	4.4	-6.1	0
351	3.3	-6.1	0
352	5.6	-6.7	0
353	6.7	-2.8	0
354	5.6	-1.7	0
355	3.3	-2.8	0
356	1.7	-10	0
357	-1.1	-2.2	0
358	0	-3.3	0.38
359	0	-8.9	0
360	-1.1	-13.3	0.05
361	-0.6	-12.2	0
362	-2.2	-16.7	-999.9
363	-4.4	-15.6	-999.9
364	-6.1	-10	0
365	-2.2	-7.2	0
