#weather for site US Sheep Experiment Station year = 1959
#DOY Tmax(C) Tmin(C) PPT(cm)
1	-6.7	-18.3	0
2	-17.8	-26.1	0
3	-16.7	-29.4	0
4	-5	-17.2	1.04
5	-0.6	-17.8	0.61
6	0	-2.2	0
7	1.7	-6.1	0
8	2.2	-7.2	0
9	4.4	-7.2	0
10	1.7	-0.6	0.05
11	5	-2.2	0.18
12	3.9	-1.1	0.08
13	-0.6	-9.4	0
14	-4.4	-15	0
15	-1.7	-7.2	0.05
16	-2.2	-8.3	0
17	2.8	-6.7	0
18	0.6	-10	0
19	-2.8	-15	0
20	-7.2	-22.2	0
21	-5	-12.2	0
22	0.6	-7.2	0
23	3.9	-2.2	0
24	2.2	-9.4	0
25	1.7	-9.4	0
26	1.7	-5.6	0.28
27	1.7	-3.3	0
28	-1.1	-11.1	0.05
29	0	-11.1	0
30	-4.4	-11.1	0
31	-2.8	-15	0
32	-9.4	-14.4	0
33	-8.3	-13.3	0.25
34	-1.1	-13.3	0
35	-5	-16.7	0
36	3.9	-8.9	0
37	3.9	-8.9	0
38	0.6	-10	0.08
39	-0.6	-16.7	0.1
40	-1.1	-11.7	2.54
41	-1.7	-6.7	2.79
42	NA	NA	NA
43	NA	NA	NA
44	-6.7	-17.2	0
45	1.1	-8.9	0.13
46	2.8	-2.2	-999.9
47	3.3	-1.7	-999.9
48	0.6	-8.3	0
49	1.1	-8.3	0
50	2.8	-8.3	0
51	1.7	-8.3	0
52	2.8	-8.3	0
53	1.7	-6.1	0
54	1.1	-11.1	0
55	-2.2	-6.7	0
56	0.6	-8.9	0
57	1.7	-6.7	0
58	3.3	-6.1	0
59	3.9	-6.7	0
60	3.3	-11.7	0
61	0	-10	0
62	-1.1	-11.7	0
63	-1.7	-12.2	0
64	-1.7	-11.7	0.03
65	-1.7	-10	0
66	1.7	-10.6	0
67	-1.1	-13.3	0
68	1.7	-9.4	0
69	0.6	-12.8	0
70	1.1	-8.9	0
71	1.1	-11.7	0
72	1.1	-14.4	0
73	1.1	-12.2	0
74	2.8	-7.8	0
75	4.4	-4.4	0
76	4.4	0	0
77	2.8	-7.8	0
78	0	-10	0
79	3.9	-10	0
80	5.6	-3.3	0
81	6.1	-1.1	0
82	6.1	-3.3	0
83	7.2	-2.8	0
84	8.9	-5.6	0
85	8.3	-3.9	0
86	7.2	-6.1	0
87	3.3	-2.2	0.25
88	2.8	-3.3	0.28
89	9.4	-3.3	0
90	12.2	-0.6	0
91	13.9	1.7	0
92	14.4	-3.3	0
93	20	1.1	0
94	21.1	0	0
95	16.7	3.3	0
96	9.4	-5	0
97	4.4	-5.6	0
98	5	-8.9	0
99	11.1	-5	0
100	13.9	-2.8	0
101	17.2	-2.8	0
102	17.8	2.2	0
103	16.7	-1.7	0
104	13.9	-0.6	0
105	4.4	-5	0.2
106	7.8	-7.2	0
107	8.3	-2.2	0
108	5	-2.8	0
109	11.7	-3.9	0
110	15	-3.3	0
111	16.7	-1.7	0
112	17.2	-2.8	0
113	20	2.2	0
114	19.4	1.7	0
115	16.7	2.2	0.2
116	NA	NA	NA
117	13.9	-0.6	0
118	12.8	1.1	0
119	20	1.1	0
120	21.1	6.1	0
121	18.3	0.6	1.47
122	9.4	0	0.86
123	9.4	-2.2	0
124	12.8	1.7	0
125	11.7	-3.9	0
126	11.7	0	0
127	15.6	-1.7	0
128	19.4	0	0
129	18.9	1.7	0
130	14.4	-3.9	0
131	15.6	-1.1	0
132	22.2	1.1	0
133	24.4	8.3	0
134	23.9	7.8	0
135	21.7	5.6	0
136	17.2	1.1	0.99
137	11.1	0.6	0.28
138	11.1	0.6	0.84
139	9.4	-0.6	0.46
140	10.6	-1.1	0.13
141	13.9	-1.1	0.71
142	13.9	3.3	0
143	12.2	0.6	0.23
144	15.6	1.7	0
145	16.7	3.3	0.08
146	15.6	3.9	0
147	11.1	2.8	0.36
148	9.4	1.1	0.15
149	13.3	0.6	0.05
150	12.8	1.7	0.25
151	17.8	1.1	0
152	22.2	2.8	0
153	23.9	4.4	0
154	26.7	7.2	0
155	25	5	0
156	27.8	4.4	0
157	26.7	9.4	0
158	14.4	5	0.36
159	21.1	5	0
160	22.2	10.6	0
161	19.4	1.7	0
162	25.6	3.9	0
163	32.2	9.4	0
164	31.7	12.8	0
165	28.3	12.2	0
166	25	12.8	0
167	29.4	7.8	0
168	30.6	10.6	0
169	30	12.8	0
170	30.6	13.9	0
171	30	10.6	0.08
172	27.2	11.1	0.1
173	28.9	12.2	0
174	28.3	11.7	0
175	31.1	11.1	0
176	27.8	8.3	3.05
177	15	5.6	1.55
178	13.9	3.9	0.1
179	13.9	3.3	0
180	14.4	5.6	1.6
181	16.7	3.9	0.43
182	22.2	5	0
183	27.2	7.8	0
184	22.8	10.6	0
185	20.6	5	0.25
186	27.2	5.6	0
187	26.7	5	0
188	26.1	11.1	0
189	19.4	2.2	0
190	26.1	5.6	0
191	28.9	12.2	0
192	30	12.8	0
193	29.4	12.8	0
194	30	13.3	0
195	31.1	11.1	0
196	29.4	14.4	0
197	32.2	13.3	0
198	32.8	15.6	0.25
199	31.1	13.3	0.3
200	31.7	14.4	0
201	31.7	14.4	0
202	32.8	12.8	0
203	33.3	13.9	0
204	35	15.6	0
205	35	13.9	0
206	31.7	12.8	0
207	32.8	10	0
208	33.3	11.1	0
209	32.8	10	0
210	27.2	7.2	0
211	33.3	9.4	0
212	32.8	14.4	0
213	30	10.6	0.28
214	29.4	10	0.03
215	31.1	9.4	0
216	30.6	10.6	0
217	30.6	13.3	0
218	31.1	11.1	0
219	31.1	12.2	0
220	32.8	12.2	0
221	32.8	12.2	0
222	32.8	11.1	0
223	32.2	11.1	0
224	31.7	11.7	0
225	27.2	6.1	0
226	24.4	6.1	0
227	28.9	8.3	0
228	30.6	8.9	0
229	32.2	9.4	0
230	31.1	13.3	0
231	24.4	12.8	0
232	25	10	1.14
233	23.3	6.1	0
234	23.3	4.4	0
235	25	5	0
236	29.4	3.9	0
237	28.3	10.6	0
238	23.9	6.7	0
239	26.7	11.7	0
240	26.7	8.9	0
241	26.7	6.1	0
242	25.6	8.3	0
243	25.6	5.6	0
244	27.2	5.6	0
245	26.1	5.6	0
246	28.3	6.7	0
247	27.2	9.4	0
248	22.2	10.6	0
249	25	11.7	0
250	28.9	7.2	0
251	25.6	10.6	0
252	24.4	2.8	0
253	30	2.2	0
254	30.6	10.6	0
255	30	10.6	0
256	22.8	13.9	0
257	24.4	9.4	0.36
258	22.2	7.2	1.32
259	15	4.4	0
260	15.6	6.7	0.03
261	17.2	5	0
262	16.7	5.6	0
263	14.4	5	0
264	10.6	2.8	0.81
265	12.8	0	0.03
266	14.4	3.9	0
267	17.2	2.2	0
268	16.7	5.6	0
269	12.2	2.8	0
270	8.9	1.1	0.05
270	8.3	-1.1	0.15
271	8.3	-5	0
272	10	-0.6	0
273	10	-0.6	0
274	12.8	-2.8	0
275	15.6	-1.1	0
276	16.7	-0.6	0
277	19.4	3.9	0
278	18.3	7.2	0
279	13.9	2.8	0
280	6.7	-1.7	0
281	15.6	-0.6	0.28
282	11.7	-1.7	0
283	15.6	1.7	0
284	13.9	1.7	0
285	12.2	-2.2	0
286	14.4	2.8	0
287	16.1	1.1	0
288	15.6	1.1	0
289	15	-2.2	0
290	16.7	0.6	0
291	17.2	2.8	0
292	16.1	2.2	0
293	12.2	-4.4	0
294	12.2	4.4	0
295	17.2	4.4	0
296	16.1	4.4	0
297	13.3	3.9	0
298	11.7	-2.8	0
299	13.9	2.8	0
300	12.2	-2.2	0
301	3.9	-2.8	0.43
302	4.4	-3.3	0
303	11.7	-3.3	0
304	13.3	-1.7	0
305	12.2	-1.1	0
306	7.8	-1.7	0
307	5.6	-8.3	0.08
308	-3.3	-16.7	0
309	0.6	-10	0
310	7.2	-3.9	0
311	7.8	-6.7	0
312	7.8	-3.9	0
313	10	-3.9	0
314	5.6	-6.7	0
315	-3.9	-12.2	0
316	-7.8	-22.2	0
317	-1.7	-15	0
318	3.9	-11.1	0
319	-1.7	-16.7	0
320	3.3	-10.6	0
321	8.9	-6.1	0
322	7.8	-4.4	0
323	4.4	-7.8	0
324	5.6	-3.9	0
325	2.2	-7.8	0.1
326	5	-3.9	0.08
327	5	-3.9	0
328	6.7	-5	0
329	-2.8	-12.2	0
330	0	-13.3	0
331	3.3	-9.4	0
332	1.7	-10.6	0
333	3.3	-8.3	0
334	6.1	-7.8	0
335	7.8	-6.1	0
336	3.3	-3.3	0
337	-0.6	-12.2	0
338	-4.4	-13.9	0
339	1.1	-11.1	0
340	2.8	-10.6	0
341	3.3	-12.8	0
342	6.7	-7.8	0
343	3.3	-7.8	0
344	1.1	-8.9	0
345	1.7	-11.1	0
346	-0.6	-11.1	0
347	-3.3	-11.7	0
348	0.6	-10.6	0
349	2.2	-7.2	0
350	3.9	-7.2	0
351	2.2	-3.9	0
352	0.6	-5.6	0
353	4.4	-10.6	0
354	4.4	-7.8	0
355	2.8	-8.9	0
356	-1.1	-2.2	0
357	0	-2.2	0
358	0.6	-1.7	3.15
359	-1.1	-8.9	0
360	-6.7	-18.3	0
361	-6.7	-16.1	0
362	-7.2	-17.8	0
363	-3.9	-12.8	0
364	-5.6	-10.6	0.36
365	-7.2	-13.3	0
