#weather for site US Sheep Experiment Station year = 2007
#DOY Tmax(C) Tmin(C) PPT(cm)
1	-5.6	-11.1	0
2	-2.2	-8.3	0
3	-1.1	-7.2	0
4	-2.8	-11.7	0
5	-4.4	-15	0.13
6	-6.1	-18.3	0
7	-1.7	-7.2	0
8	0	-5	0
9	3.9	-4.4	0
10	-0.6	-18.3	0
11	-16.7	-23.9	0
12	-13.9	-25.6	0
13	-13.3	-22.2	0
14	-14.4	-23.3	0
15	-6.7	-22.2	0
16	-8.9	-17.8	0
17	-8.9	-20	0
18	-3.9	-14.4	0
19	-5	-13.9	0.25
20	-1.1	-14.4	0
21	-5.6	-15.6	0
22	-3.3	-13.3	0
23	2.8	-11.1	0
24	3.3	-8.9	0
25	2.8	-9.4	0
26	1.1	-12.8	0
27	-2.2	-15.6	0
28	-5	-15.6	0
29	-0.6	-13.3	0
30	-2.8	-11.1	0
31	-3.9	-13.3	0
32	-11.7	-22.2	0
33	-6.7	-17.2	0
34	0	-11.1	0
35	3.3	-4.4	0
36	6.7	0	0
37	6.1	-3.9	0
38	5.6	-1.1	0
39	2.8	-2.2	0.05
40	4.4	-2.2	0
41	1.7	-0.6	0.36
42	1.7	-2.2	0.18
43	1.7	-5	0.13
44	3.3	-8.9	0
45	1.1	-5.6	0
46	7.2	-2.8	0
47	2.8	-8.9	0
48	2.2	-4.4	0
49	2.2	-6.1	0
50	2.8	-5	0
51	4.4	-3.3	0
52	7.2	-1.7	0
53	3.3	-3.3	0.38
54	-1.1	-11.1	0
55	-2.8	-6.7	0.2
56	-1.1	-6.7	0.33
57	-1.7	-7.8	0.23
58	-3.3	-13.3	0
59	-2.8	-12.8	0
60	-1.1	-14.4	0
61	-3.3	-16.7	0
62	-1.7	-11.1	0
63	6.7	-7.8	0
64	9.4	-2.2	0
65	10	-2.8	0
66	8.9	0.6	0
67	7.2	-2.2	0
68	6.1	-1.1	0.23
69	6.7	-1.1	0
70	NA	NA	NA
71	13.3	0	0
72	13.9	1.1	0
73	15	-1.1	0
74	12.8	-4.4	0
75	12.8	0	0
76	17.8	-0.6	0
77	16.7	1.1	0
78	16.1	0	0
79	13.9	0.6	0
80	10.6	0	0
81	10.6	-5	0
82	13.9	0	0
83	15.6	-2.2	0
84	16.7	1.1	0
85	15.6	-1.7	0
86	15	2.2	0.56
87	3.9	-0.6	0.03
88	4.4	-5	0
89	10	-4.4	0
90	12.8	-1.7	0
91	12.8	1.1	0
92	8.9	-1.1	0.03
93	10	-8.9	0
94	15.6	-0.6	0
95	16.7	1.1	0
96	15	1.7	0
97	16.7	-1.1	0
98	15	2.8	0
99	13.3	1.7	0.08
100	11.7	-4.4	0
101	6.7	-6.1	0
102	11.1	-5.6	0
103	12.8	-6.1	0
104	16.1	-1.1	0
105	13.9	1.1	0
106	17.2	3.3	0
107	17.2	-0.6	0
108	15	1.1	1.85
109	3.3	-1.7	0.18
110	8.3	-6.7	0
111	7.8	0	0
112	10.6	-0.6	0.05
113	10.6	3.3	0.51
114	17.2	1.7	0
115	16.7	1.7	0
116	15.6	3.3	0
117	18.9	0.6	0
118	23.9	4.4	0
119	25.6	7.2	0
120	22.8	8.9	0
121	23.9	3.9	0
122	22.2	10	0
123	19.4	2.2	0.66
124	9.4	-5.6	0.41
125	10	-0.6	0
126	15.6	0	0
127	19.4	2.8	0
128	21.7	6.1	0
129	23.9	3.9	0
130	26.1	6.1	0
131	26.7	7.8	0
132	27.8	8.9	0
133	25.6	7.8	0
134	22.8	3.9	0
135	22.2	3.3	0
136	25.6	5	0
137	28.3	6.7	0
138	27.8	7.2	0
139	27.2	7.8	0
140	24.4	7.2	0
141	18.9	6.1	0
142	10.6	-1.1	0.76
143	12.8	0.6	0
144	15	1.1	0
145	18.3	2.8	0
146	23.3	5.6	0
147	27.8	8.3	0
148	21.7	7.8	0
149	17.2	0	0
150	20	1.1	0
151	23.3	5	0
152	26.7	7.2	0
153	26.7	9.4	0
154	28.3	11.1	0.13
155	27.8	11.1	0.03
156	24.4	10.6	0.08
157	20.6	5	0.33
158	14.4	3.9	0.1
159	17.2	1.7	0
160	21.7	3.3	0
161	21.1	9.4	0
162	21.7	7.8	0
163	25	4.4	0
164	25.6	6.1	0
165	27.8	8.9	0
166	29.4	8.9	0
167	31.1	9.4	0
168	28.9	8.9	0
169	23.3	3.3	0
170	27.2	6.7	0
171	32.2	10.6	0
172	32.8	10.6	0
173	33.3	9.4	0
174	31.7	11.7	0
175	28.3	10	0
176	26.1	6.1	0
177	26.7	6.1	0
178	32.2	10	0
179	33.3	13.3	0
180	32.8	14.4	0
181	31.7	11.1	0
182	31.7	12.2	0
183	33.3	11.7	0
184	31.1	15.6	0
185	34.4	16.1	0
186	36.1	17.8	0
187	36.1	16.7	0
188	35.6	15.6	0.15
189	32.2	12.8	0.03
190	32.2	15	0
191	31.1	13.3	0
192	33.3	15.6	0
193	32.2	17.2	0
194	33.3	15	0
195	33.3	17.8	0
196	35.6	14.4	0
197	32.8	14.4	0
198	32.2	16.1	0
199	33.9	13.9	0
200	33.3	17.2	0
201	33.9	13.3	0
202	33.3	12.8	0
203	35.6	13.9	0
204	37.2	16.7	0
205	35.6	20	0.03
206	28.3	16.1	0.08
207	30.6	14.4	0.94
208	30.6	12.8	0
209	32.2	14.4	0.15
210	33.9	15	0
211	35.6	15.6	0
212	31.7	19.4	0
213	33.9	17.2	0
214	33.3	15	0
215	28.9	11.1	0.43
216	29.4	11.1	0.15
217	28.3	10.6	0.13
218	30	10	0
219	29.4	16.1	0
220	28.3	8.9	0
221	31.1	8.9	0
222	30.6	11.7	0
223	31.1	10	0
224	32.8	11.7	0
225	33.9	13.3	0
226	33.9	16.1	0
227	32.2	13.9	0
228	31.1	12.8	0.2
229	30.6	16.1	0.05
230	28.9	11.1	0
231	28.9	11.7	0
232	26.1	8.3	0
233	25.6	10.6	0
234	24.4	11.1	0
235	23.9	8.3	0.18
236	24.4	8.3	0
237	30.6	8.3	0
238	30.6	10.6	0
239	28.9	10	0
240	28.3	10.6	0
241	30	8.3	0
242	31.7	11.7	0
243	29.4	15	0.08
244	29.4	10.6	0
245	32.2	11.1	0
246	31.7	11.1	0
247	29.4	14.4	0.23
248	18.3	10	1.4
249	21.7	9.4	0.05
250	23.9	7.2	0
251	23.3	8.9	0
252	17.8	7.8	0
253	21.7	0	0
254	25	3.9	0
255	26.7	6.1	0
256	26.1	5.6	0
257	27.8	8.9	0
258	26.1	8.3	0
259	23.9	6.7	0
260	21.7	4.4	0
261	13.9	2.8	0.25
262	18.9	3.3	0
263	22.8	5.6	0
264	22.2	5.6	0
265	20	7.8	0
266	14.4	3.3	0.84
267	11.7	2.8	0
268	13.9	-0.6	0
269	17.2	-0.6	0
270	19.4	2.2	0
271	21.1	5	0
272	20	0	1.12
273	10	-0.6	0.13
274	9.4	1.1	0
275	8.9	-2.8	0
276	16.7	2.8	0
277	14.4	1.1	0
278	11.7	2.2	1.47
279	6.1	1.7	0.05
280	6.1	-2.2	0
281	13.9	1.1	0
282	20.6	2.8	0
283	20.6	5	0
284	17.8	-2.8	0
285	16.7	0	0
286	14.4	3.9	0
287	15	2.2	0
288	15	0.6	0
289	13.9	2.2	0.05
290	6.1	1.1	0.08
291	3.9	-5	0
292	13.9	0	0.25
293	12.8	-2.8	0.28
294	6.7	-4.4	0
295	3.9	-2.2	0
296	13.3	0	0
297	15.6	1.1	0
298	16.7	1.7	0
299	15.6	2.2	0
300	13.3	-0.6	0
301	14.4	-1.1	0
302	17.2	2.8	0
303	12.8	3.9	0.84
304	8.9	-4.4	0
305	6.1	-2.2	0
306	7.2	-3.9	0
307	7.2	-3.9	0
308	8.3	-3.3	0
308	11.7	-2.8	0
309	11.7	-3.3	0
310	9.4	-1.7	0
311	10.6	-1.1	0
312	11.1	0.6	0
313	12.2	-0.6	0
314	10	0	0
315	2.8	-5.6	0
316	8.9	1.1	0
317	2.8	-10	0
318	6.7	-6.7	0
319	7.2	-2.2	0
320	6.1	0.6	0
321	11.1	-0.6	0
322	11.7	0.6	0
323	7.8	-6.7	0
324	-2.2	-13.3	0
325	1.7	-12.2	0
326	1.7	-9.4	0
327	0.6	-11.7	0
328	1.1	-7.8	0
329	-3.3	-12.8	0
330	5.6	-7.2	0
331	-0.6	-12.2	0
332	-4.4	-7.8	0.1
333	-5	-10.6	0
334	-5.6	-12.8	0
335	-1.1	-13.9	0
336	1.7	-3.3	0.1
337	4.4	-1.1	0
338	2.8	-3.3	0
339	-0.6	-5.6	0
340	0.6	-4.4	0
341	-3.9	-7.8	0
342	-6.1	-13.9	0
343	-5.6	-9.4	0.28
344	-6.1	-13.9	0
345	-9.4	-17.8	0
346	-5.6	-13.9	0.08
347	-8.3	-11.7	0
348	-6.7	-11.7	0.2
349	-4.4	-8.9	0.1
350	-4.4	-10	0.03
351	-0.6	-6.1	0.1
352	-0.6	-3.3	0.28
353	0.6	-2.2	0.05
354	-1.1	-9.4	0
355	-9.4	-20	0
356	-7.2	-11.7	0
357	-3.3	-8.3	0.71
358	-4.4	-11.1	0
359	-6.1	-11.7	0.05
360	-11.7	-20	0
361	-9.4	-18.3	0.43
362	-7.8	-16.7	0.08
363	-5	-15.6	0
364	-10	-18.9	0
365	-8.3	-15	0
