#weather for site US Sheep Experiment Station year = 1982
#DOY Tmax(C) Tmin(C) PPT(cm)
1	-6.7	-17.8	0
2	-10.6	-20.6	0.2
3	-1.7	-11.7	0.08
4	-2.8	-13.3	0
5	-12.2	-23.3	0
6	-11.7	-25	0
7	-8.3	-19.4	0
8	-3.9	-15.6	0
9	0.6	-15.6	0
10	-5.6	-10.6	0
11	-6.7	-16.7	0
12	-6.7	-15	0.1
13	-5	-11.1	0
14	-6.1	-11.7	0
15	-5.6	-16.7	0
16	0	-8.9	0
17	-1.1	-7.8	0
18	-0.6	-7.8	0
19	-5.6	-16.1	0
20	-3.9	-12.2	0.41
21	-6.7	-18.3	0.15
22	-3.9	-15.6	0.15
23	3.3	-8.9	0
24	1.1	-7.2	0
25	2.8	-4.4	0
26	1.1	-12.2	0
27	-1.1	-10.6	0
28	-3.9	-15	0
29	-3.3	-11.1	0
30	-2.8	-8.9	0.03
31	-2.2	-13.9	0
32	-5.6	-13.3	0.43
33	-8.9	-17.2	0
34	-16.1	-24.4	0
35	-15	-28.9	0
36	-11.1	-25	0
37	-7.2	-15.6	0
38	-11.1	-20	0
39	-8.3	-20.6	0
40	-8.3	-23.3	0
41	-6.1	-19.4	0
42	-4.4	-17.8	0
43	0	-8.3	0
44	4.4	0	0.23
45	4.4	-0.6	0
46	5.6	0	0
47	3.3	-1.1	0
48	1.1	-3.3	0
49	1.1	-5.6	0.76
50	5.6	0	0
51	7.2	1.1	0
52	5.6	-1.7	0
53	0	-8.3	0.03
54	-2.2	-16.1	0
55	3.3	-13.3	0
56	5.6	-7.2	0
57	3.3	-1.7	0
58	4.4	-6.1	0
59	5.6	-0.6	0
60	5.6	-0.6	0.23
61	1.7	-4.4	0
62	3.9	-4.4	0
63	3.9	-7.2	0
64	1.7	-9.4	0
65	3.9	-5.6	0
66	5	-6.7	0
67	7.8	-2.2	0
68	7.8	-3.9	0
69	9.4	1.7	0.18
70	7.8	-9.4	0
71	3.9	-7.2	0
72	3.9	-1.7	0.79
73	4.4	-0.6	0.56
74	3.3	-9.4	0.36
75	2.8	-5.6	0.25
76	5.6	-3.9	0.08
77	2.2	-6.1	0.61
78	3.9	-6.1	0
79	1.7	-11.1	0
80	3.3	-5	0
81	3.3	-8.9	0
82	4.4	-9.4	0
83	4.4	-6.7	0
84	6.7	-2.2	0.51
85	10	-1.1	0
86	5	0	1.47
87	2.2	-2.2	0.79
88	5	-7.2	0.05
89	2.8	-3.9	0.28
90	2.8	-1.7	0.1
91	2.8	-5.6	0.1
92	4.4	-1.1	0.3
93	4.4	-3.3	0
94	1.7	-12.2	0
95	3.9	-4.4	0.3
96	1.1	-9.4	0
97	2.8	-14.4	0
98	5	-7.8	0
99	10	-7.8	0
100	8.9	1.7	0.66
101	9.4	0	0.18
102	12.2	2.8	0
103	11.7	0.6	0
104	9.4	-3.9	0.2
105	6.1	-7.8	0
106	8.9	-6.7	0
107	7.8	-4.4	0
108	3.3	-9.4	0
109	5	-8.9	0
110	12.8	-7.8	0
111	18.3	-2.8	0
112	20	0	0
113	19.4	0.6	0
114	17.2	0	0
115	NA	NA	NA
116	16.1	2.2	0
117	17.2	1.1	0
118	17.2	1.1	0
119	15.6	-1.1	0
120	17.8	-2.2	0
121	22.8	2.8	0
122	22.2	6.7	0
123	21.1	4.4	0
124	18.3	-2.2	0
125	7.2	-5.6	0
126	14.4	-2.2	0
127	17.8	0.6	0
128	17.2	1.1	0
129	10	1.1	1.14
130	9.4	-1.1	0
131	10	2.2	0
132	13.3	0	0
133	20	2.2	0
134	20	2.2	0
135	20.6	4.4	0
136	19.4	5	0.25
137	20.6	4.4	0
138	20	7.2	0.41
139	14.4	3.9	0.33
140	17.2	2.2	0
141	21.7	2.2	0
142	21.1	5.6	0
143	19.4	3.9	0.15
144	20	4.4	0
145	26.1	6.1	0
146	26.1	6.1	0
147	22.8	6.1	0
148	9.4	-1.1	1.24
149	11.7	-0.6	0
150	13.9	2.2	0
151	17.2	1.1	0
152	15.6	3.3	0
153	16.1	2.8	0
154	17.8	3.9	0
155	17.8	2.2	0.64
156	15	2.2	0
157	11.7	0.6	1.5
158	15.6	1.7	0
159	14.4	2.8	0
160	17.8	0.6	0
161	21.1	3.9	0
162	24.4	3.3	0
163	27.2	5.6	0
164	25	11.1	0
165	21.7	8.3	0
166	25.6	10	0
167	25	8.3	0.13
168	22.2	9.4	0.53
169	25	6.1	0
170	27.2	8.3	0
171	26.7	10.6	0
172	27.8	11.1	0
173	26.1	10.6	0.48
174	24.4	8.9	1.63
175	24.4	10	0.41
176	23.3	11.1	0.13
177	25	8.3	0
178	28.3	10.6	0
179	29.4	14.4	0
180	28.9	9.4	0
181	31.1	10.6	0
182	28.3	10	0.1
183	23.9	6.7	0
184	23.3	11.1	0
185	17.8	6.7	0.36
186	15.6	6.7	0.05
187	22.2	3.9	0
188	26.7	7.2	0
189	25	10.6	0.23
190	22.8	10	1.4
191	24.4	10	0.18
192	27.8	9.4	0
193	30	9.4	0
194	30	15	0.03
195	28.3	11.1	0.23
196	26.1	6.7	0
197	25	6.1	0
198	27.2	10	0
199	28.9	7.8	0
200	31.7	10	0
201	32.2	12.8	0
202	33.3	13.9	0
203	32.8	15	0
204	29.4	16.1	0.05
205	26.7	13.3	0.13
206	27.8	12.2	0.66
207	30.6	12.8	0
208	30	15	0.18
209	28.3	15	0
210	27.2	12.8	0.23
211	29.4	10	0
212	32.8	17.2	0
213	32.8	15.6	0
214	30	7.8	0
215	27.2	10.6	0
216	27.8	10	0
217	31.7	10	0
218	32.8	12.8	0
219	35	15	0
220	32.2	18.3	0
221	30.6	12.8	0
222	32.2	12.8	0.13
223	32.2	11.1	0
224	29.4	6.7	0
225	30	10	0
226	30.6	12.8	0
227	31.1	13.3	0
228	32.2	12.2	0
229	32.8	12.8	0
230	30.6	12.8	0.03
231	31.1	14.4	0
232	33.3	15.6	0
233	32.8	16.7	0
234	32.8	13.3	0
235	32.2	12.8	0
236	30.6	10	0
237	30.6	9.4	0
238	31.1	11.1	0
239	31.1	11.7	0
240	30.6	12.8	0
241	23.9	8.9	0
242	25.6	10.6	0.48
243	26.1	7.8	0
244	26.1	7.2	0
245	28.3	8.9	0
246	30	9.4	0
247	28.3	15.6	0
248	26.7	7.2	0
249	28.3	6.7	0
250	27.8	8.3	0
251	29.4	10	0
252	30.6	10	0
253	27.8	10	0
254	16.7	1.7	0
255	16.1	3.9	1.32
256	8.9	3.9	0.05
257	6.7	0	0.18
258	6.1	1.1	0
259	17.2	4.4	0
260	23.3	5	0
261	23.9	5.6	0
262	23.9	9.4	0
263	23.9	7.2	0
264	25	10.6	0
265	25	7.2	0
266	25.6	7.2	0
267	23.9	6.1	0
268	23.3	7.2	0
269	21.1	11.7	0.86
270	12.2	5.6	0
271	10.6	2.8	0.36
272	8.3	1.7	0.46
273	8.9	-0.6	0
274	5.6	0	1.09
275	12.8	1.7	0
276	15.6	3.9	0.05
277	12.2	2.8	0.05
278	12.2	1.7	0.05
279	11.7	-2.8	0
280	10.6	1.7	0.13
281	8.3	-2.8	0
282	10	-2.8	0
283	13.3	-3.3	0
284	16.1	1.7	0
285	18.3	5	0
286	18.9	5.6	0
287	20.6	5	0
288	20.6	3.9	0
289	19.4	2.2	0
290	16.1	1.7	0
291	10.6	-2.2	0.08
292	5	-9.4	0
293	9.4	-6.1	0
294	12.8	-2.8	0
295	12.8	1.7	0
296	13.9	2.8	0
297	16.1	2.8	0
298	12.2	2.8	0
299	10.6	4.4	1.02
300	11.1	0	0.46
301	5	-6.7	0
302	2.2	-1.7	0.71
303	5	0	0.99
304	5	-1.1	0.05
304	5.6	-3.9	0
305	3.9	-6.7	0.1
306	4.4	-7.2	0
307	5	-4.4	0
308	8.3	-1.1	0
309	10	-2.2	0
310	6.7	-4.4	0
311	7.8	-2.8	0
312	3.3	-2.2	0.58
313	2.8	-6.7	0.25
314	2.8	-6.7	0
315	0	-12.2	0
316	1.1	-5	0
317	0	-12.8	0
318	0.6	-10.6	0
319	2.8	-6.7	0
320	2.8	-3.9	0
321	3.3	-0.6	0.48
322	3.9	-3.9	1.4
323	-1.1	-5.6	0
324	-1.1	-10	0
325	-4.4	-11.7	0
326	-6.1	-17.2	0
327	-2.2	-16.7	0
328	-2.2	-14.4	0
329	0.6	-13.3	0
330	1.7	-10	0
331	0	-6.1	0.13
332	0.6	-2.8	0.38
333	0.6	-3.9	0.03
334	0.6	-2.2	0
335	0.6	-5.6	0
336	0	-6.7	0.66
337	1.7	-1.7	0.2
338	0.6	-3.3	0
339	2.8	-3.3	0.33
340	-1.7	-9.4	0
341	-8.9	-16.7	0
342	0.6	-16.1	0
343	-1.1	-7.8	0
344	0.6	-13.9	0
345	-3.9	-12.2	0
346	-2.2	-6.7	0.36
347	-3.9	-12.2	0
348	-1.1	-12.2	0.36
349	5.6	-2.2	0.53
350	2.8	-6.1	0.03
351	-1.1	-15.6	0
352	-0.6	-8.3	0
353	-0.6	-7.8	0
354	1.7	-3.9	0.66
355	1.1	-5.6	0.43
356	0	-5.6	1.93
357	-3.3	-6.7	0
358	-4.4	-18.3	0
359	-7.2	-15	0
360	-6.7	-13.3	0
361	-9.4	-21.7	0.08
362	-10.6	-22.2	0
363	-12.2	-22.2	0
364	-9.4	-21.7	0
365	-5.6	-17.8	0
