#weather for site US Sheep Experiment Station year = 1948
#DOY Tmax(C) Tmin(C) PPT(cm)
1	-0.6	-8.9	0.18
2	-0.6	-12.2	0
3	1.7	-9.4	0.15
4	0.6	-3.3	0
5	2.8	-2.8	0
6	2.8	0	0
7	2.8	-2.2	0
8	-0.6	-5.6	0
9	-0.6	-8.9	0
10	-2.2	-15	0
11	-5	-13.9	0
12	-5.6	-17.8	0
13	-2.2	-13.9	0
14	-3.9	-14.4	0
15	-3.3	-15.6	0
16	-4.4	-13.3	0
17	-4.4	-11.7	0
18	-7.8	-18.9	0
19	-5	-15.6	0
20	-3.9	-13.3	0
21	4.4	-12.8	0
22	2.2	-5	0
23	1.7	-4.4	0
24	-3.3	-10	0
25	-9.4	-20	0
26	-8.9	-21.7	0
27	-3.9	-19.4	0
28	0	-16.7	0
29	-2.2	-14.4	0
30	-3.9	-14.4	0
31	1.1	-10.6	0
32	-1.7	-11.1	0
33	-6.7	-13.3	0.15
34	-5	-11.1	0.1
35	-8.3	-15.6	0
36	0	-12.8	0
37	-6.7	-10.6	0.15
38	-6.1	-11.1	0.2
39	-2.8	-7.8	0.1
40	-5.6	-16.1	0.3
41	-5.6	-16.1	0
42	-7.8	-18.9	0
43	-5.6	-12.2	0
44	2.2	-8.3	0
45	2.8	-8.3	0
46	5	-8.9	0
47	5	-2.8	0
48	6.1	-2.8	0
49	4.4	-5.6	0
50	1.7	-7.2	0
51	0.6	-6.1	0.03
52	2.2	-2.2	0.03
53	0	-5	0
54	0	-8.9	0
55	2.8	-7.2	0
56	0.6	-3.9	0
57	0	-10.6	0
58	-0.6	-8.9	0
59	0	-12.2	0
60	-1.1	-12.2	0
61	-2.2	-6.1	0.38
62	-4.4	-13.3	0.13
63	-1.7	-15	0
64	-1.7	-17.8	0
65	2.8	-14.4	0
66	1.1	-5	0
67	1.1	-7.2	0.13
68	-2.8	-13.9	0
69	-5.6	-20.6	0
70	-6.7	-17.8	0
71	2.2	-13.9	0
72	5.6	-7.8	0
73	3.9	-1.1	0.25
74	NA	NA	NA
75	1.7	-5.6	0.18
76	-0.6	-8.9	0.2
77	3.3	-4.4	0.13
78	2.2	-4.4	0
79	0.6	-5	0.64
80	-0.6	-12.8	0.03
81	-3.3	-12.2	0
82	3.9	-5	0
83	7.8	0.6	0
84	7.2	0.6	0
85	5	-1.1	0.61
86	0.6	-5	0.2
87	1.7	-11.1	0
88	4.4	-6.1	0
89	5.6	-2.8	0
90	3.9	-3.3	0
91	1.7	-8.9	0
92	6.7	-7.2	0
93	13.9	0	0
94	11.1	-0.6	0.79
95	5.6	-2.8	0
96	4.4	-6.7	0.36
97	5.6	-4.4	0.2
98	2.2	-9.4	0
99	8.9	-7.2	0
100	12.2	-1.7	0
101	10.6	-2.2	0
102	7.2	-8.3	0
103	7.8	-6.7	0
104	12.8	-2.8	0
105	12.2	0	0
106	15.6	2.2	0
107	18.9	2.8	0
108	17.8	6.1	0
109	13.3	0.6	0.25
110	12.2	-2.8	0
111	15.6	-1.7	0
112	19.4	2.2	0
113	14.4	5	0
114	11.7	-1.1	0
115	11.7	0	0
116	10.6	-0.6	0
117	7.2	-3.3	0
118	15.6	-1.1	0
119	22.8	4.4	0
120	18.3	8.3	0
121	10	-3.9	0
122	7.8	-3.3	0
123	9.4	-3.9	0.03
124	13.3	-3.9	0
125	12.2	0.6	0.05
126	12.8	-3.9	0
127	20.6	1.1	0
128	20.6	5.6	1.02
129	9.4	0	0.74
130	7.2	-0.6	0.61
131	10	0	0.05
132	11.7	0	1.02
133	13.9	0.6	0.33
134	14.4	4.4	0
135	15	-0.6	0
136	18.3	0	0
137	26.1	3.9	0
138	26.1	8.9	0
139	24.4	9.4	0
140	20.6	8.9	0.41
141	21.1	4.4	0
142	23.9	6.7	0
143	21.1	2.8	0
144	18.9	2.2	0
145	24.4	5.6	0
146	28.9	10	0
147	26.1	10	0
148	25.6	9.4	0
149	25	9.4	0.23
150	19.4	4.4	0.1
151	21.1	6.1	0
152	26.1	7.2	0
153	27.8	8.3	0
154	26.1	11.7	0
155	21.7	7.2	3.07
156	20.6	7.8	0.05
157	25	9.4	0
158	27.2	11.7	0
159	28.3	12.8	0
160	27.8	13.3	0
161	28.3	10	0
162	28.9	11.7	0
163	27.2	10.6	0
164	25.6	7.8	0
165	25.6	9.4	0
166	23.9	8.9	0
167	26.7	9.4	0
168	26.7	10.6	0
169	23.3	9.4	0
170	20.6	7.8	0.05
171	21.1	12.2	0.36
172	19.4	6.1	0
173	17.2	8.9	1.14
174	19.4	9.4	0.03
175	19.4	7.8	2.08
176	18.3	5	0.3
177	18.9	4.4	0.2
178	18.9	6.7	0.2
179	22.2	7.8	0
180	25.6	10.6	0
181	28.9	10	0
182	28.9	11.7	0
183	27.2	12.2	0
184	26.7	11.1	0.3
185	25	10	0.05
186	28.3	7.2	0.1
187	27.2	10	0
188	27.2	10.6	0
189	27.2	11.7	0
190	27.2	10	0
191	30.6	11.7	0
192	32.8	13.9	0
193	30.6	15.6	0
194	29.4	11.7	0
195	28.3	13.9	0
196	26.1	10.6	0.1
197	25.6	11.1	0
198	25.6	12.2	0
199	27.2	11.7	0
200	33.3	11.1	0
201	31.1	13.3	0
202	28.9	8.3	0
203	27.8	9.4	0
204	31.7	9.4	0
205	31.7	11.7	0
206	30.6	13.3	0
207	30.6	10.6	0
208	30.6	11.7	0
209	30.6	12.8	0
210	30	1.7	0
211	24.4	7.2	0
212	28.9	11.1	0
213	30.6	13.3	0
214	28.3	12.8	0.05
215	25.6	9.4	0.28
216	30.6	10.6	0
217	30.6	13.9	0.1
218	29.4	11.1	0
219	28.9	7.8	0
220	30.6	8.3	0
221	27.8	10.6	1.14
222	22.8	8.9	0.51
223	25	7.2	0.1
224	26.7	7.8	0
225	26.7	10	0
226	-9999	-9999	0
227	31.1	11.7	0
228	32.2	11.1	0
229	31.1	11.7	0
230	32.8	11.1	0
231	32.2	10.6	0
232	31.1	10	0
233	NA	NA	NA
234	28.9	5.6	0
235	29.4	12.2	0
236	26.7	10	0
237	25	2.8	0
238	24.4	7.8	0
239	27.8	8.9	0
240	30	10.6	0
241	31.7	10.6	0
242	33.9	13.3	0
243	32.8	14.4	0
244	28.9	8.9	0
245	31.1	11.7	0
246	33.3	11.7	0
247	31.7	11.7	0
248	28.3	8.9	0
249	23.9	6.1	0
250	20	6.1	0
251	20	5	0
252	23.9	5	0
253	26.7	7.8	0
254	28.9	8.9	0
255	29.4	6.7	0
256	28.9	8.9	0
257	30.6	9.4	0
258	31.1	11.1	0
259	28.9	9.4	0
260	26.7	8.3	0
261	24.4	9.4	0
262	21.1	11.1	0.3
263	15	8.9	0.99
264	16.1	4.4	0.08
265	22.2	5.6	0
266	22.2	6.1	0
267	18.9	6.1	0
268	11.7	3.9	0.15
269	16.7	4.4	0.1
270	12.2	1.1	0.66
271	15	-0.6	0
272	19.4	2.2	0
273	21.7	2.8	0
274	21.7	3.3	0
275	21.7	5	0
276	21.1	4.4	0
277	23.9	11.1	0
278	20	7.2	0.3
279	9.4	1.1	0.23
280	7.8	-7.8	0
281	14.4	1.1	0
282	17.8	2.8	0
283	22.2	3.3	0
284	21.1	3.3	0
285	22.8	3.3	0
286	23.3	7.2	0
287	23.3	5	0
288	20.6	6.7	0
289	15.6	6.7	0.1
290	6.7	-5	0
291	11.1	-8.3	0
292	18.3	-2.2	0
293	16.7	-0.6	0
294	18.3	1.7	0
295	17.2	0.6	0
296	20	-0.6	0
297	18.9	3.9	0
298	18.9	2.8	0
299	11.7	1.1	0
300	9.4	-7.2	0
301	7.8	-0.6	0
302	15	-1.1	0
303	10.6	0	0
304	10	-3.9	0
305	6.1	-3.9	0
306	6.1	0.6	0.15
307	8.9	2.2	0.48
308	7.2	1.7	0.03
309	3.3	-6.7	0
310	1.1	-8.9	0
311	-1.1	-8.3	0.03
312	0	-10	0
313	-2.2	-13.3	0
314	-3.9	-13.9	0
315	-0.6	-7.8	0
316	-1.1	-8.3	0
317	1.7	-3.9	0.08
318	5	-3.3	0
319	10.6	-1.1	0
320	10	-3.9	0
321	-0.6	-8.3	0.13
322	1.1	-6.7	0
323	-1.1	-11.1	0
324	-2.2	-9.4	0
325	0.6	-7.8	0
326	0	-8.9	0
327	-3.9	-6.1	0.03
328	-3.3	-8.9	0
329	2.2	-6.7	0.28
330	-1.1	-11.1	0
331	-2.8	-7.8	0.1
332	-5	-18.9	0
333	-2.2	-13.3	0
334	-3.3	-12.8	0
335	-5	-13.9	0.18
336	-5.6	-16.1	0.05
337	-2.8	-9.4	0.23
338	0.6	-3.3	0.05
339	-1.1	-8.3	0.18
340	-7.2	-18.3	0.25
341	-7.2	-13.3	0
342	-6.1	-13.9	0.36
343	-3.9	-14.4	0.1
344	-4.4	-11.7	0
345	-3.3	-10	0
346	-3.9	-11.1	0
347	0.6	-6.7	0.25
348	0	-5.6	0.41
349	-2.8	-7.8	0.25
350	-5	-13.3	0.1
351	-9.4	-20	0
352	-7.8	-17.2	0
353	-10.6	-20.6	0
354	-8.9	-16.1	0.05
355	0	-12.8	0
356	-8.3	-22.2	0
357	-12.2	-23.9	0
358	-10	-17.2	0
359	-10.6	-13.3	0
360	-7.2	-20.6	0
361	-1.1	-15.6	0
362	0	-9.4	0
363	-2.8	-12.2	0
364	-5	-10	0.28
365	-5	-15.6	0
366	-5	-13.9	0
