#weather for site US Sheep Experiment Station year = 1952
#DOY Tmax(C) Tmin(C) PPT(cm)
1	-13.3	-22.2	0
2	-9.4	-21.7	0
3	-10.6	-19.4	0
4	-9.4	-18.9	0.13
5	-6.7	-15	0
6	-5.6	-12.8	0
7	-8.3	-13.9	0
8	-9.4	-17.2	0.08
9	-4.4	-11.1	0
10	-4.4	-12.2	0.18
11	-2.2	-6.1	0
12	-2.2	-6.7	0
13	-4.4	-11.1	0.53
14	-2.8	-5	1.09
15	-1.1	-14.4	0.13
16	-11.1	-20	0
17	-3.9	-17.8	0
18	-9.4	-15.6	0
19	-2.8	-13.3	0.43
20	-3.3	-17.8	0.18
21	-10.6	-20.6	0.2
22	-5.6	-14.4	0
23	-0.6	-6.7	0.23
24	0	-7.2	0
25	-1.7	-6.7	0
26	-3.9	-7.2	0
27	-0.6	-7.8	0
28	-2.8	-8.3	0
29	-0.6	-11.7	0
30	-1.1	-12.2	0
31	-1.7	-7.8	1.07
32	-7.2	-8.9	0.76
33	-6.7	-15.6	0
34	-5	-9.4	0
35	-1.7	-12.2	0
36	-2.8	-12.2	0
37	-2.8	-11.7	0
38	-1.7	-12.2	0
39	0.6	-11.7	0
40	1.7	-11.1	0
41	1.7	-8.9	0
42	-3.3	-8.9	0
43	-5.6	-11.1	0.05
44	-5.6	-17.8	0
45	-5	-17.8	0
46	-3.9	-11.7	0.94
47	-3.3	-9.4	0.28
48	-7.8	-14.4	0
49	-8.3	-15.6	0.15
50	-7.2	-16.7	0.1
51	-6.7	-13.3	0.46
52	-9.4	-20	0
53	-4.4	-13.3	0
54	-12.8	-23.3	0
55	-3.9	-20	0
56	1.1	-14.4	0
57	-0.6	-8.9	0
58	-3.9	-13.3	0
59	-5.6	-18.9	0.05
60	-5.6	-10	0
61	-4.4	-11.1	0
62	-6.1	-17.2	0.1
63	-5	-9.4	0.18
64	-3.9	-8.9	0.23
65	-2.8	-13.3	0
66	1.7	-13.3	0
67	3.3	-11.7	0
68	-0.6	-12.2	0
69	-0.6	-7.2	0.89
70	-0.6	-6.1	0.74
71	-3.9	-8.9	0
72	-3.9	-12.2	0
73	-3.3	-15.6	0
74	0	-13.3	0
75	1.1	-2.8	0.33
76	1.1	-5.6	0
77	0	-4.4	0
78	-1.7	-11.1	0.28
79	-2.2	-15.6	0
80	-5.6	-12.2	0
81	-4.4	-16.7	0
82	-4.4	-13.9	0.3
83	2.2	-10.6	0.08
84	1.7	-7.8	0.03
85	3.9	-5	0
86	3.3	-8.9	0
87	3.9	-2.8	0
88	2.8	-2.8	0
89	0.6	-3.9	0
90	0.6	-7.2	0
91	0	-11.1	0
92	1.7	-5	0
93	2.8	-3.9	0
94	3.3	-5.6	0
95	7.8	-4.4	0
96	7.2	-1.7	0
97	6.1	1.1	0
98	4.4	-5.6	0
99	1.7	-8.3	0
100	5	-6.7	0
101	8.3	-3.9	0
102	10.6	0	0
103	6.1	-3.9	0
104	5	-4.4	0.41
105	6.1	0	0
106	10.6	3.3	0
107	12.8	0	0
108	13.9	2.2	0
109	16.1	0	0
110	15.6	-0.6	0
111	10	-0.6	0
112	13.9	-2.8	0
113	18.3	0.6	0
114	20.6	1.7	0
115	22.8	3.3	0
116	21.7	3.9	0
117	22.8	5	0
118	NA	NA	NA
119	21.7	6.7	0.15
120	16.1	3.3	0
121	18.9	1.7	0
122	18.3	4.4	0
123	23.3	5.6	0
124	22.2	5	0.08
125	18.9	2.2	0
126	19.4	2.8	0
127	18.9	4.4	0
128	17.8	6.7	0
129	12.8	3.9	0.71
130	13.9	2.2	0.13
131	16.1	1.7	0
132	21.1	2.8	0
133	21.7	5	0
134	22.2	11.1	0
135	19.4	6.1	0
136	16.1	0	0.03
137	13.3	5	0
138	16.7	1.1	0
139	18.3	2.8	0
140	18.9	3.3	0
141	18.3	6.1	0.3
142	12.8	4.4	0.69
143	15.6	6.1	0
144	20	3.3	0
145	22.8	6.1	0
146	22.8	6.1	0
147	17.8	5	0.08
148	21.1	5	0
149	25	5	0
150	21.1	7.2	0
151	20.6	4.4	0
152	25	4.4	0
153	24.4	8.9	0
154	25.6	8.9	0
155	26.7	10	0
156	26.1	12.8	0
157	28.9	10	0
158	28.3	12.2	0
159	26.1	7.2	0.2
160	26.7	11.1	0
161	31.1	10.6	0
162	30	8.9	0
163	27.2	4.4	0
164	24.4	5	0
165	23.9	1.7	0
166	26.7	7.8	0
167	25.6	3.9	0.08
168	21.7	0	0
169	26.7	5	0
170	29.4	10	0
171	30	13.3	0
172	26.1	10.6	0
173	22.8	8.3	0.69
174	19.4	1.7	0
175	15.6	5	0
176	16.1	7.2	2.54
177	14.4	5.6	0.38
178	17.8	7.8	0
179	16.1	7.8	0.66
180	23.9	7.2	0.03
181	23.9	12.2	0
182	20.6	3.9	0
183	23.3	6.1	0
184	21.7	6.1	0
185	26.7	6.7	0
186	30.6	6.1	0
187	29.4	10.6	0
188	25	10.6	0
189	23.9	5	0
190	28.9	9.4	0
191	31.1	9.4	0
192	31.7	8.9	0
193	30.6	14.4	0
194	20	10.6	0.91
195	21.1	8.9	0.03
196	24.4	7.8	0
197	28.9	7.8	0
198	30.6	9.4	0
199	30	9.4	0
200	28.3	9.4	0
201	25.6	10	0.25
202	26.7	3.9	0
203	26.7	9.4	0
204	26.7	8.9	0
205	32.8	9.4	0
206	32.8	15.6	0
207	31.7	11.1	0
208	27.8	15	0
209	27.8	10.6	0.2
210	28.9	10.6	0
211	30.6	10.6	0
212	31.7	13.3	0
213	31.7	16.7	0
214	25.6	13.3	0.71
215	26.7	13.3	0.33
216	27.2	13.3	1.47
217	28.9	13.3	0
218	28.9	12.8	0.15
219	27.8	12.2	0
220	26.7	10	0
221	28.9	12.8	0
222	31.1	13.9	0
223	27.2	12.2	0
224	24.4	10.6	0.41
225	28.9	11.1	0
226	30.6	12.2	0.43
227	28.9	12.8	0
228	28.9	9.4	0
229	27.8	9.4	0
230	29.4	10	0
231	31.1	11.1	0
232	30	11.1	0
233	27.8	8.3	0
234	30.6	8.9	0
235	32.2	12.2	0
236	31.1	11.1	0
237	30.6	12.2	0
238	29.4	12.8	0
239	28.9	9.4	0
240	28.3	10.6	0
241	27.8	8.3	0
242	26.7	6.1	0
243	21.1	9.4	0
244	20	6.1	0
245	20.6	3.9	0
246	25.6	5	0
247	30	7.8	0
248	29.4	13.3	0
249	26.7	10	0
250	29.4	7.2	0
251	27.2	9.4	0
252	26.7	9.4	0
253	27.8	11.1	0
254	26.7	5.6	0
255	21.1	9.4	0.08
256	17.2	2.8	0.1
257	16.1	3.3	0
258	21.7	0	0
259	23.9	4.4	0
260	26.7	6.7	0
261	26.1	5.6	0
262	27.2	8.3	0
263	28.3	10.6	0
264	26.1	10	0
265	23.9	8.9	0
266	26.1	6.7	0
267	27.2	8.9	0
268	27.2	2.2	0
269	27.2	5.6	0
270	28.3	6.7	0
271	26.7	7.8	0
272	23.9	6.1	0
272	22.8	5	0
273	24.4	5.6	0
274	24.4	6.7	0
275	25	6.1	0
276	24.4	5	0
277	23.9	4.4	0
278	22.8	3.3	0
279	20.6	4.4	0
280	21.7	2.2	0
281	23.3	2.8	0
282	22.2	3.3	0
283	21.1	3.9	0
284	20.6	3.3	0
285	18.3	3.9	0
286	17.8	0.6	0
287	16.7	-5	0
288	12.8	-6.1	0
289	15.6	-1.1	0
290	18.3	1.1	0
291	21.7	0.6	0
292	16.1	0.6	0
293	13.3	2.2	0
294	16.1	2.2	0
295	19.4	1.1	0
296	18.3	1.7	0
297	16.7	1.7	0
298	15.6	0	0
299	16.7	0	0
300	17.2	0.6	0
301	18.9	0.6	0
302	15.6	0	0
303	12.2	0	0
304	9.4	-1.7	0
305	6.1	-7.2	0
306	8.9	-7.2	0
307	8.9	-5.6	0
308	9.4	-7.2	0
309	10.6	-6.1	0
310	13.3	0	0
311	14.4	-6.1	0
312	10	-6.7	0
313	3.3	-10	0
314	6.1	-11.7	0
315	8.3	-4.4	0
316	8.9	-1.1	0
317	5.6	-4.4	0.33
318	2.8	-1.7	0
319	2.8	-1.7	2.01
320	1.7	-5.6	0
321	1.1	-5.6	0
322	-2.8	-6.1	0
323	-1.1	-6.7	0
324	0.6	-5	0
325	-1.7	-12.2	0
326	-4.4	-17.8	0
327	-4.4	-11.1	0
328	-5.6	-13.3	0
329	-9.4	-16.7	0
330	-9.4	-20.6	0
331	-8.3	-17.8	0
332	-10.6	-21.1	0
333	-4.4	-17.2	0
334	0	-13.9	0
335	-2.2	-15	0
336	-1.7	-5	0.38
337	-2.8	-13.3	0.1
338	-4.4	-10	0
339	-2.8	-9.4	0
340	-2.8	-8.3	0
341	0	-3.9	0.74
342	-2.8	-9.4	0
343	-6.7	-16.1	0
344	-3.3	-11.1	0.1
345	-2.8	-7.8	0
346	-1.7	-6.1	0
347	2.2	-6.1	0
348	1.7	-6.1	0
349	4.4	-5.6	0
350	3.9	-3.9	0
351	7.2	-2.8	0
352	1.7	-0.6	0.36
353	0	-1.7	0.08
354	0	-0.6	0.89
355	-0.6	-7.8	0
356	-3.9	-8.3	0
357	-4.4	-13.9	0
358	-7.8	-17.8	0
359	-9.4	-20	0
360	-10	-16.1	0
361	-5	-10	0
362	-3.3	-7.2	0.13
363	-3.9	-7.2	0
364	-1.1	-8.3	0
365	0	-9.4	0.25
366	-3.9	-7.2	0
