#weather for site US Sheep Experiment Station year = 1935
#DOY Tmax(C) Tmin(C) PPT(cm)
1	-1.7	-12.2	0
2	1.1	-11.1	0
3	-1.7	-10	0
4	2.8	-6.7	0
5	1.7	-1.7	0
6	1.7	-2.8	0
7	0.6	-3.3	0
8	-1.1	-8.3	0
9	-2.8	-12.2	0
10	-1.7	-6.1	0
11	-2.2	-6.7	0.03
12	-5	-16.1	0
13	0	-9.4	0
14	-2.8	-8.3	0.56
15	-2.8	-11.7	0.69
16	-3.3	-10	0.08
17	-5.6	-8.3	0
18	-1.1	-28.3	1.78
19	-17.8	-28.3	0
20	-13.3	-27.8	0
21	-3.9	-13.9	0
22	1.1	-10.6	0
23	2.8	-7.8	0
24	6.7	-5	0
25	7.2	-5.6	0
26	7.2	-6.1	0
27	6.1	-5.6	0
28	6.7	-7.8	0
29	6.1	-8.3	0
30	6.7	-6.7	0
31	5.6	-6.7	0
32	7.8	-8.3	0
33	7.8	-7.8	0
34	6.7	-7.2	0
35	5.6	-4.4	0
36	3.9	-6.1	0
37	2.2	-2.8	0.41
38	2.8	-6.1	0.2
39	3.9	-10	0
40	-1.1	-17.8	0
41	-4.4	-16.7	0.03
42	-7.2	-18.9	0.1
43	-4.4	-10.6	0
44	0.6	-12.8	0
45	-3.9	-15.6	0
46	-6.1	-15	0
47	0.6	-13.3	0
48	1.7	-6.7	0
49	1.7	-6.7	0
50	6.7	-3.3	0
51	2.8	-6.7	0
52	2.2	-6.7	0
53	1.1	-5	0
54	-1.7	-11.1	0
55	-6.7	-17.8	0
56	-2.8	-15.6	0
57	2.2	-11.1	0
58	4.4	-6.7	0
59	4.4	-6.7	0
60	5	-8.3	0
61	2.8	-0.6	0.38
62	1.1	-5	0.03
63	-1.7	-8.9	0
64	-4.4	-13.3	0
65	0.6	-7.8	0.2
66	0.6	-3.9	0.23
67	0.6	-10.6	0.05
68	-3.9	-15	0
69	1.1	-10.6	0
70	1.7	-5	0
71	5	-2.2	0
72	7.8	-1.7	0
73	6.1	-4.4	0.08
74	0	-10.6	0
75	1.1	-6.7	0
76	2.8	-6.7	0.41
77	1.1	-9.4	0
78	0.6	-9.4	0
79	0.6	-5	0.33
80	-0.6	-5.6	0.51
81	2.2	-10	0
82	5.6	-7.2	0
83	6.7	-1.1	0
84	6.1	-9.4	0
85	1.7	-12.8	0
86	3.9	-8.9	0
87	8.9	-3.9	0
88	7.8	-7.2	0
89	0.6	-6.1	0
90	0	-12.8	0
91	3.9	-11.1	0
92	3.3	-2.2	0.1
93	8.3	-3.3	0.05
94	7.8	-1.1	0.13
95	5	-6.7	0
96	3.9	-3.9	0.18
97	8.9	1.1	1.19
98	2.8	-2.8	0.94
99	6.1	-2.8	0
100	11.7	-3.3	0
101	10.6	-1.1	0
102	16.1	0.6	0.03
103	17.2	0.6	0
104	15	3.9	0
105	13.9	1.7	0
106	10.6	0	0
107	13.3	-2.2	0
108	17.8	2.8	0
109	20	1.7	0
110	15	5.6	0.03
111	7.2	-4.4	0
112	5	-1.7	0.99
113	8.9	-1.1	0
114	14.4	-1.1	0
115	18.9	0	0
116	13.3	-1.1	0
117	7.2	-3.9	0
118	16.7	-6.1	0
119	12.2	2.8	0.94
120	20.6	-0.6	0
121	8.3	-1.1	0.1
122	10	-1.7	0
123	16.1	-2.2	0
124	17.2	3.3	0
125	15.6	3.9	0.05
126	12.2	2.8	0
127	12.8	-2.8	0
128	18.9	-1.7	0
129	17.2	4.4	0
130	13.9	-1.7	0
131	12.8	-0.6	0.13
132	11.7	1.7	0.13
133	12.8	1.1	0.05
134	19.4	0	0
135	17.2	2.8	0.23
136	9.4	4.4	0.41
137	13.3	5	0.05
138	14.4	5	0
139	18.3	5.6	0
140	21.7	2.2	0
141	23.3	7.2	0
142	20	7.2	0.43
143	21.1	3.9	0
144	21.1	2.8	0
145	20	16.1	0
146	17.2	8.3	0
147	16.7	3.3	0.13
148	16.7	2.8	0
149	18.3	6.7	0.18
150	12.8	2.2	0.1
151	16.7	11.1	0
152	17.2	3.9	0.08
153	20.6	7.2	0
154	23.3	6.7	0
155	25	8.3	0
156	22.2	6.1	0.08
157	26.1	5	0
158	26.7	7.8	0
159	24.4	11.1	0
160	24.4	7.8	0
161	26.7	10.6	0
162	30	10	0
163	24.4	8.9	0
164	23.3	10	0
165	20.6	3.9	0
166	18.9	11.7	0
167	23.3	10.6	0
168	26.1	6.1	0
169	27.2	10.6	0
170	23.9	8.3	0
171	27.2	5.6	0
172	31.7	7.8	0
173	29.4	12.8	0
174	22.2	8.9	0
175	22.8	8.9	0
176	25.6	8.9	0
177	28.9	10.6	0
178	28.9	9.4	0
179	25	9.4	0
180	20.6	3.9	0
181	23.9	8.3	0
182	29.4	7.8	0
183	30	2.2	0
184	27.2	11.1	0
185	28.3	7.2	0
186	29.4	11.1	0
187	28.3	8.3	0
188	29.4	11.7	0
189	28.9	12.2	0
190	28.3	8.9	0
191	28.9	10	0
192	32.8	11.1	0
193	34.4	16.1	0
194	34.4	14.4	0
195	36.7	13.9	0
196	36.1	13.3	1.83
197	30	13.9	0
198	32.2	12.8	0
199	32.8	12.2	0
200	31.7	16.1	0.05
201	-9999	-9999	0
202	-9999	-9999	0
203	-9999	-9999	0
204	-9999	-9999	0
205	-9999	-9999	0
206	-9999	-9999	0
207	-9999	-9999	0
208	-9999	-9999	0
209	31.7	7.8	0
210	34.4	12.8	0
211	31.7	14.4	0
212	27.2	6.7	0
213	26.1	6.7	0
214	32.2	8.3	0
215	30	13.9	0
216	30.6	6.7	0
217	32.2	9.4	0
218	32.8	12.8	0
219	32.2	15.6	0
220	33.9	11.7	0
221	36.7	13.3	0
222	30	11.1	0
223	30	12.2	0
224	34.4	12.2	0
225	33.3	11.7	0
226	26.1	11.1	0
227	26.1	6.1	0
228	24.4	8.9	0
229	25.6	11.1	0
230	22.8	6.7	0
231	28.9	6.1	0
232	32.8	10.6	0
233	-9999	-9999	0
234	-9999	-9999	0.3
235	32.8	8.3	0
236	30.6	7.8	0
237	31.1	11.7	0
238	29.4	12.8	0
239	29.4	11.1	0
240	30.6	8.9	0
241	31.1	12.8	0
242	27.8	12.2	0.51
243	26.1	8.3	0
244	27.8	9.4	0
245	25.6	11.7	0
246	28.3	9.4	0
247	27.8	7.8	0
248	26.7	5	0
249	23.3	6.7	0
250	25	8.3	0
251	27.8	7.2	0
252	28.9	8.3	0
253	30	7.8	0
254	28.3	5.6	0
255	28.3	7.2	0
256	28.9	5.6	0
257	25.6	7.8	0
258	27.2	6.1	0
259	26.1	5.6	0
260	27.2	6.7	0
261	27.8	7.2	0
262	25.6	11.1	0
263	27.8	5.6	0
264	27.2	10.6	0
265	22.2	10.6	0.43
266	21.7	5.6	0.18
267	21.1	4.4	0
268	20	2.8	0
269	19.4	0.6	0
270	22.2	3.3	0
271	22.2	3.3	0
272	23.3	3.3	0
273	24.4	5	0
274	25.6	7.2	0
275	26.1	7.2	0
276	23.9	6.1	0
277	23.3	7.2	0
278	23.3	7.8	0
279	24.4	8.3	0
280	21.7	2.8	0
281	18.9	0.6	0
282	22.8	3.3	0
283	23.3	3.3	0
284	17.8	3.9	0
285	20.6	1.7	0
286	18.9	-0.6	0
287	16.1	0	3.45
288	7.2	-3.3	0.03
289	7.2	-2.2	0
290	12.8	-0.6	0
291	15.6	0.6	0
292	15	-0.6	0
293	6.7	-5	0
294	5.6	-4.4	0
295	5.6	-9.4	0
296	10.6	-5	0
297	15.6	-3.9	0
298	16.1	-2.8	0
299	14.4	-1.7	0
300	21.7	0	0
301	12.8	-10.6	0.2
302	-2.2	-16.7	0
303	-2.8	-12.2	0
304	0.6	-6.1	0.03
305	-2.2	-12.2	0.23
306	-5	-16.1	0
307	-7.2	-16.1	0
308	-7.2	-12.2	0
309	-2.8	-8.3	0
310	3.9	-9.4	0
311	3.9	-7.8	0
312	3.9	-7.8	0
313	-5	-12.2	0
314	-2.2	-11.1	0
315	3.3	-8.9	0
316	3.3	-10.6	0
317	0.6	-8.9	0
318	1.7	-9.4	0
319	2.8	-2.2	0
320	2.8	-3.3	0.23
321	2.2	-0.6	0.66
322	1.1	-3.3	0
323	3.3	-7.2	0
324	1.7	-7.8	0
325	2.8	-8.3	0
326	2.8	-8.3	0
327	6.1	-7.2	0
328	-0.6	-11.1	0
329	-3.3	-7.8	0
330	-1.1	-7.2	0
331	0.6	-5.6	0
332	1.7	-4.4	0
333	7.2	-9.4	0
334	7.8	-10	0
335	5.6	-9.4	0
336	7.2	-10	0
337	4.4	-8.9	0
338	4.4	-7.2	0
339	0	-7.8	0
340	1.1	-8.3	0
341	1.7	-6.1	0
342	1.1	-5.6	0
343	0	-3.3	0.2
344	-0.6	-3.9	1.42
345	0.6	-1.7	0
346	0.6	-8.3	0
347	-5	-15.6	0
348	-2.8	-9.4	0
349	-4.4	-18.3	0
350	-5.6	-17.2	0
351	-1.1	-16.1	0
352	0.6	-13.3	0
353	1.1	-14.4	0
354	3.3	-14.4	0
355	-2.8	-12.8	0
356	-3.3	-11.1	0
357	-1.1	-10	0
358	1.1	-7.8	0
359	3.3	-4.4	0
360	-1.1	-11.7	0.2
361	-3.3	-6.7	0
362	2.2	-7.2	0
363	-3.3	-7.2	0.28
364	-2.8	-6.7	0.2
365	-0.6	-11.1	0
