#weather for site US Sheep Experiment Station year = 1978
#DOY Tmax(C) Tmin(C) PPT(cm)
1	-8.3	-23.3	0
2	-5	-12.2	0.05
3	-1.7	-5.6	0
4	0	-3.3	0
5	2.8	-1.7	0.38
6	-1.7	-10	0
7	-0.6	-6.7	0
8	1.7	-4.4	0.03
9	0.6	-4.4	0.25
10	1.1	-1.7	0.18
11	-0.6	-6.7	0
12	-1.7	-9.4	0
13	2.2	-2.8	0
14	1.7	-3.9	0.66
15	-0.6	-7.2	0
16	0.6	-1.1	0.51
17	1.1	-4.4	0
18	1.1	-3.3	0
19	-1.7	-6.1	0
20	-1.7	-5	0
21	0.6	-4.4	0.1
22	-2.8	-11.1	0
23	-4.4	-15.6	0
24	-7.2	-13.9	0
25	-1.7	-8.9	0
26	-5	-11.1	0
27	-1.1	-12.2	0
28	0.6	-6.1	0.23
29	-1.1	-15.6	0
30	-1.7	-7.8	0
31	-2.8	-11.1	0
32	-2.2	-9.4	0
33	1.1	-6.1	0
34	5.6	-2.8	0
35	6.1	-1.7	0
36	2.8	-1.7	0.86
37	0	-5	0.08
38	0.6	-3.3	0.79
39	-1.1	-7.8	0.36
40	0.6	-2.2	0.23
41	-0.6	-8.9	0.58
42	-5.6	-13.9	0
43	-5	-12.8	0
44	-1.7	-15	0
45	-1.1	-13.3	0.05
46	-6.1	-14.4	0
47	-3.9	-15.6	0
48	-6.7	-18.3	0
49	-4.4	-15.6	0
50	-1.7	-11.1	0
51	0	-9.4	0
52	0.6	-6.7	0
53	2.2	-5.6	0
54	3.9	-3.9	0
55	2.8	-3.9	0
56	4.4	-5	0
57	1.7	-3.9	0
58	-1.1	-10	0
59	3.9	-8.9	0
60	-3.9	-15	0
61	-2.2	-16.1	0
62	2.8	-6.1	0.1
63	1.7	-0.6	0.64
64	3.9	-1.7	0
65	4.4	-6.1	0
66	4.4	-3.3	0
67	3.9	1.1	0
68	3.9	-4.4	0
69	2.8	-6.7	0
70	3.3	-6.1	0
71	2.2	-8.3	0
72	1.7	-10	0
73	1.1	-12.2	0
74	1.7	-11.1	0
75	4.4	-7.2	0
76	6.1	-3.3	0
77	6.1	-1.7	0
78	8.3	-2.8	0
79	6.7	-2.8	0
80	8.9	0.6	0
81	6.7	1.7	0.1
82	6.1	-0.6	0
83	6.7	-2.8	0
84	10	-1.7	0
85	14.4	0	0
86	14.4	0.6	0
87	15.6	1.7	0
88	17.8	3.3	0
89	16.1	2.8	0
90	11.1	3.9	0.51
91	8.9	0	0
92	7.8	-4.4	0
93	9.4	-0.6	0.51
94	8.3	-1.7	0.41
95	9.4	0.6	0.53
96	10.6	2.2	1.02
97	12.8	0	0.89
98	12.8	0	0
99	15.6	0	0
100	13.3	2.2	0
101	10	-5	0
102	10.6	-3.9	0
103	10	-0.6	0
104	10	-1.7	0.41
105	6.7	0	0.81
106	7.2	-4.4	0.41
107	9.4	-5	0
108	14.4	-3.3	0
109	14.4	2.8	0
110	8.3	-1.7	0.43
111	8.3	-5.6	0
112	10.6	-5	0
113	15.6	-1.7	0
114	18.9	6.7	0
115	15	2.8	1.12
116	15	2.2	0.58
117	10.6	2.8	0.03
118	12.8	3.9	0.25
119	8.9	4.4	0.3
120	NA	NA	NA
121	15	4.4	0.13
122	17.2	3.9	0
123	13.9	1.7	0.3
124	10.6	-2.2	0
125	9.4	-1.7	0
126	10.6	2.8	0
127	12.2	2.2	0
128	13.9	-1.7	0.1
129	18.9	0	0
130	18.9	6.7	0
131	17.8	3.9	0
132	15	-2.8	0
133	22.8	4.4	0
134	24.4	7.8	0
135	23.9	12.8	0
136	22.8	2.2	0.13
137	10.6	3.9	0
138	8.9	4.4	0.03
139	17.2	4.4	0
140	20.6	3.9	0
141	23.9	3.9	0
142	23.3	6.7	0
143	20.6	7.8	0
144	19.4	2.2	0
145	12.2	-2.2	0
146	15	-2.8	0
147	18.3	1.1	0
148	21.7	3.9	0
149	21.1	3.9	0
150	14.4	1.1	0
151	12.8	-0.6	0
152	19.4	3.3	0
153	22.2	5	0
154	19.4	7.2	0.79
155	22.8	6.1	0
156	25	5.6	0
157	26.1	11.1	0
158	26.1	11.1	0
159	26.1	8.9	0
160	26.1	11.1	0
161	23.9	11.7	0
162	16.7	-0.6	0.08
163	25.6	2.8	0
164	25	10.6	0.05
165	25.6	11.7	0
166	24.4	13.9	0
167	18.9	5.6	0
168	19.4	2.8	0
169	21.7	6.7	0
170	20	7.8	0.2
171	23.9	7.8	0
172	26.7	7.2	0.03
173	26.7	5.6	0
174	27.8	8.9	0
175	27.2	7.2	0
176	25	4.4	0
177	21.1	5	0
178	29.4	8.3	0
179	29.4	12.2	0
180	29.4	12.8	0
181	28.3	10	0
182	30	11.1	0
183	29.4	13.3	0
184	28.3	12.8	0
185	23.9	7.2	0.2
186	22.2	4.4	0
187	22.2	10.6	0.05
188	27.2	7.8	0
189	26.7	10.6	0
190	26.7	10	0
191	31.7	11.1	0
192	30	11.7	0
193	28.3	10	0
194	30	10.6	0
195	32.8	13.3	0
196	31.7	17.2	0
197	30.6	16.1	0
198	30	10	0
199	30	8.9	0
200	28.9	11.1	0
201	25	10	0.1
202	23.9	8.9	0
203	27.8	8.3	0
204	31.7	10	0
205	33.9	11.1	0
206	34.4	12.2	0
207	33.9	13.9	0
208	33.3	16.7	0.08
209	26.7	14.4	1.73
210	26.7	11.7	0
211	30.6	11.1	0
212	31.1	14.4	0
213	29.4	13.9	0
214	27.8	14.4	0
215	29.4	11.1	0
216	31.7	11.7	0
217	32.8	14.4	0
218	33.3	15	0
219	33.3	16.7	0
220	32.2	16.1	0
221	32.8	12.8	0
222	30	13.3	0
223	32.2	11.7	0
224	28.9	10.6	0
225	22.2	10	0.2
226	16.7	1.7	0
227	24.4	3.9	0
228	23.3	9.4	0
229	15.6	1.7	0
230	19.4	2.8	0
231	24.4	3.3	0
232	28.9	5	0
233	29.4	10	0
234	27.2	16.7	0
235	24.4	3.9	0
236	28.3	7.2	0
237	28.3	7.2	0
238	27.2	9.4	0
239	24.4	10	0
240	25.6	7.2	0
241	26.7	10	0
242	27.2	8.9	0
243	26.1	12.8	0
244	28.9	7.2	0
245	31.7	8.9	0
246	31.7	13.9	0
247	31.1	12.8	0
248	29.4	14.4	0.08
249	25	13.3	1.45
250	22.8	12.2	0.23
251	18.3	4.4	0
252	23.9	1.7	0
253	15	8.3	0.79
254	12.8	3.9	0.94
255	10	4.4	0.13
256	10.6	2.2	0
257	15.6	1.7	0
258	20.6	2.2	0
259	18.9	3.9	0
260	17.2	1.7	0
261	12.2	-1.1	1.47
262	7.2	-2.2	0
263	11.1	-4.4	0
264	16.1	-1.7	0
265	20.6	0.6	0
266	22.8	4.4	0
267	25	6.7	0
268	26.1	6.7	0
269	26.1	7.8	0
270	26.1	7.8	0
271	23.9	10	0
272	19.4	4.4	0
273	20	3.3	0
274	20	7.2	0
275	16.7	-0.6	0
276	17.2	-1.7	0
277	19.4	1.7	0
278	19.4	2.2	0
279	20.6	1.7	0
280	21.7	2.8	0
281	21.1	7.2	0
282	21.1	3.3	0
283	20	2.8	0
284	20	1.7	0
285	18.3	2.2	0
286	15.6	-2.8	0
287	18.3	-1.7	0
288	20.6	0.6	0
289	18.3	4.4	0
290	17.8	5.6	0.33
291	17.8	3.3	0
292	18.3	1.1	0
293	18.3	2.2	0
294	16.1	1.7	0
295	13.3	-1.1	0
296	13.9	-3.3	0
297	12.8	0.6	0
298	11.7	-6.7	0
299	11.1	-3.9	0
300	13.3	-1.7	0
301	15	-1.1	0
302	5.6	-8.3	0
302	12.2	0	0.23
303	14.4	-5	0
304	15.6	-0.6	0
305	17.2	0.6	0
306	13.9	-0.6	0
307	15	1.7	0
308	12.8	-4.4	0
309	5	-7.8	0
310	8.3	-4.4	0
311	7.2	-2.2	0
312	5.6	-6.1	0
313	-6.1	-14.4	0
314	-6.1	-13.3	0
315	-3.9	-11.7	0
316	-3.9	-12.2	0.61
317	-2.8	-18.3	0
318	-2.8	-18.9	0
319	-1.1	-15	0
320	-2.2	-11.7	0
321	-1.7	-6.7	0
322	5.6	-10	0
323	-1.7	-11.7	0.13
324	8.3	-5	0
325	1.7	-1.1	0.1
326	0	-4.4	0.08
327	1.7	-3.9	0
328	1.1	-9.4	0
329	0.6	-10.6	0
330	-5	-13.9	0
331	-2.2	-7.8	0.18
332	-2.2	-8.3	0
333	-1.7	-7.2	0
334	3.3	-10.6	0
335	-1.7	-11.7	0
336	-7.2	-17.2	0.15
337	-1.7	-8.9	0.13
338	0	-6.7	0
339	-6.7	-16.7	0
340	-12.8	-19.4	0
341	-16.1	-27.2	0
342	-10	-17.8	0.3
343	-8.3	-19.4	0.13
344	-3.9	-16.7	0
345	-1.1	-10.6	0
346	-4.4	-20.6	0
347	-3.9	-15.6	0
348	-4.4	-16.7	0
349	-6.1	-19.4	0
350	-3.3	-16.1	0.36
351	1.1	-4.4	0.84
352	-1.1	-11.7	0
353	-7.8	-16.7	0
354	-8.9	-13.9	0
355	-5.6	-13.3	0
356	-3.9	-12.2	0.33
357	-4.4	-10	0
358	-1.7	-15	0
359	-6.7	-18.3	0
360	-5	-12.8	0
361	-3.9	-20	0
362	-17.8	-28.3	0
363	-18.3	-31.1	0
364	-22.8	-31.1	0
365	-21.7	-31.7	0
