#weather for site US Sheep Experiment Station year = 2005
#DOY Tmax(C) Tmin(C) PPT(cm)
1	-3.3	-10	0
2	-0.6	-9.4	0.13
3	-2.8	-9.4	0
4	-5.6	-13.9	0
5	-6.7	-12.8	0.2
6	-6.7	-15	0.1
7	-1.1	-7.8	0.97
8	1.1	-5.6	0.08
9	-2.2	-12.8	0
10	-1.1	-11.1	0
11	-3.9	-17.2	0
12	-10	-15.6	0
13	-8.9	-17.8	0
14	-9.4	-19.4	0
15	-1.1	-12.2	0
16	-2.2	-6.1	0
17	0.6	-5	0
18	5.6	-2.2	0
19	6.7	-2.8	0
20	3.9	-5	0
21	4.4	-7.8	0
22	7.8	-7.8	0
23	6.7	-7.2	0
24	2.2	-7.8	0
25	5.6	-6.7	0
26	5.6	-2.2	0
27	1.7	-2.2	0.28
28	5.6	-1.1	0
29	-0.6	-9.4	0
30	-1.7	-8.3	0
31	0	-11.1	0
32	-3.9	-10.6	0
33	3.9	-11.1	0
34	0.6	-8.9	0
35	1.1	-7.2	0
36	-1.1	-10.6	0
37	-0.6	-10	0
38	-4.4	-12.8	0
39	-2.2	-12.2	0
40	1.7	-12.2	0
41	6.1	-12.8	0
42	5.6	-4.4	0.15
43	2.2	-3.3	0
44	0	-7.2	0
45	-2.8	-16.1	0
46	-3.9	-17.8	0
47	0	-16.1	0
48	3.3	-13.9	0
49	0	-8.9	0.08
50	4.4	-3.3	0.05
51	3.3	-2.2	0
52	6.1	-6.7	0
53	5.6	-6.7	0
54	6.1	-8.3	0
55	7.8	-7.8	0
56	7.2	-10	0
57	6.1	-8.9	0
58	6.7	-9.4	0
59	3.9	-7.2	0.08
60	7.8	-6.1	0
61	5	-7.2	0
62	7.2	-2.2	0
63	8.9	-5.6	0
64	6.1	-6.1	0
65	6.7	-6.1	0
66	11.7	-3.3	0
67	8.3	-3.3	0
68	12.8	0.6	0
69	11.7	-3.9	0
70	10	-2.8	0
71	1.7	-7.8	0
72	2.2	-7.8	0.05
73	5	-7.8	0
74	6.7	-6.1	0
75	6.1	-3.9	0.03
76	6.1	-8.9	0
77	10.6	-2.8	0
78	7.8	-0.6	0.86
79	7.2	-2.8	0
80	5	-3.9	0.2
81	2.2	-3.9	1.3
82	1.1	-7.8	0
83	4.4	-7.2	0
84	3.9	-8.3	0
85	6.1	-0.6	0
86	9.4	1.1	0.05
87	3.9	-4.4	0.08
88	4.4	-5	0.15
89	7.2	-7.2	0
90	10	-5.6	0
91	15.6	-2.8	0
92	13.3	-1.7	0
93	NA	NA	NA
94	10.6	0	0.41
95	7.8	-2.8	0.08
96	12.8	-2.8	0
97	19.4	3.9	0
98	17.8	0	0.28
99	10.6	-2.2	0.13
100	10	-2.2	0
101	13.3	-4.4	0
102	16.7	0	0
103	19.4	3.3	0
104	17.2	-3.3	0.03
105	10	-6.7	0
106	17.8	-1.1	0
107	19.4	2.2	0
108	16.7	0.6	0.81
109	10.6	-1.7	0.38
110	7.8	0	1.24
111	10	0	0.61
112	15	-0.6	0
113	17.2	3.9	0
114	19.4	5.6	0.08
115	18.9	7.8	0
116	17.8	2.8	0
117	16.1	1.1	0
118	8.9	-3.3	0
119	9.4	-5.6	0
120	11.1	-3.3	0
121	13.3	-2.2	0
122	13.9	-0.6	0
123	15.6	3.9	0.15
124	15	1.1	0.69
125	13.3	4.4	1.12
126	16.7	5.6	0.23
127	16.1	2.8	0.33
128	15	4.4	0
129	13.9	7.2	1.07
130	11.7	3.3	0.08
131	11.7	3.3	0.91
132	10.6	1.1	0.15
133	16.1	2.2	0
134	19.4	2.2	0
135	17.8	5	0
136	15.6	8.9	1.09
137	14.4	3.9	0.99
138	13.9	2.8	0
139	20	7.8	0.33
140	22.2	7.2	0
141	21.7	2.2	0
142	22.8	3.9	0
143	22.2	6.7	0
144	19.4	2.8	0
145	18.3	0	0
146	19.4	1.1	0
147	22.2	3.3	0
148	25.6	5	0
149	22.2	9.4	0
150	20	5	0
151	22.2	2.2	0
152	18.9	3.3	0.66
153	13.9	-1.1	0.1
154	15.6	2.2	0.05
155	20.6	3.3	0.25
156	22.8	3.9	0
157	8.9	4.4	1.27
158	10.6	1.7	0.08
159	12.8	0.6	0.15
160	15.6	-0.6	0.25
161	18.9	1.1	0.05
162	20	5.6	0
163	17.2	5	0.46
164	18.3	2.2	0.64
165	23.9	3.3	0
166	25.6	7.2	0.05
167	27.8	7.2	0
168	26.7	10	0
169	24.4	5.6	0.13
170	25	5.6	0
171	30.6	9.4	0
172	30.6	12.2	0
173	31.1	11.7	0.08
174	27.8	9.4	0.2
175	27.8	8.9	0.08
176	28.9	8.9	0
177	27.8	10	0.05
178	23.3	6.1	0
179	22.8	6.7	0.48
180	21.7	3.9	0
181	25.6	8.9	0
182	25.6	7.2	0
183	29.4	10	0
184	26.7	8.9	0
185	26.7	8.3	0
186	30.6	9.4	0
187	32.8	10	0
188	32.8	11.1	0
189	32.8	13.3	0
190	30.6	14.4	0
191	26.7	12.2	0.05
192	27.8	9.4	0
193	33.9	10.6	0
194	37.2	15.6	0
195	37.2	15.6	0
196	31.7	11.1	0
197	34.4	17.2	0
198	27.2	8.9	0
199	30.6	8.3	0
200	35	9.4	0
201	35.6	11.1	0
202	35.6	15	0
203	33.9	18.3	0.03
204	35	13.3	0
205	32.2	12.8	0
206	31.1	13.3	0.05
207	26.7	7.8	0
208	29.4	7.8	0
209	30.6	9.4	0
210	28.9	13.9	0.05
211	31.1	11.1	0
212	28.9	12.2	0
213	31.7	12.8	0
214	31.1	14.4	0.03
215	29.4	12.8	0
216	31.7	12.8	0
217	33.3	11.7	0
218	34.4	13.3	0
219	35	13.9	0
220	31.7	17.8	0
221	32.2	12.8	0.03
222	27.8	11.7	0.36
223	30	11.1	0.08
224	26.7	12.2	0
225	26.1	9.4	0
226	26.7	7.8	0
227	28.9	8.9	0
228	28.9	10.6	0
229	26.1	9.4	0
230	23.9	10.6	0.13
231	25	7.2	0.56
232	29.4	7.8	0
233	32.8	12.2	0
234	30.6	13.3	0
235	30.6	10.6	0
236	27.8	10	0
237	24.4	6.7	0
238	28.9	6.7	0
239	31.1	8.3	0
240	29.4	9.4	0
241	32.2	11.1	0
242	31.7	6.7	0.05
243	22.8	3.3	0
244	27.2	6.7	0
245	29.4	7.2	0
246	30.6	12.2	0
247	28.3	12.2	0
248	26.1	9.4	0
249	28.3	8.3	0
250	30	8.9	0
251	29.4	11.1	0
252	28.3	12.2	0
253	25.6	4.4	0.76
254	14.4	4.4	0
255	13.9	3.3	0.23
256	18.3	1.1	0
257	18.3	1.1	0
258	22.2	3.3	0
259	23.9	6.1	0
260	23.3	5	1.3
261	15.6	3.9	0.89
262	20	1.7	0
263	25.6	3.3	0
264	25.6	10.6	0
265	20	6.7	0
266	20.6	8.3	0.03
267	18.9	5	0.51
268	11.1	0.6	0
269	16.7	1.1	0
270	20.6	6.7	0
271	18.3	1.7	0
272	18.9	1.1	0
273	22.2	5.6	0
274	22.2	5.6	0
275	22.2	2.8	0.3
276	7.8	1.7	1.12
277	8.9	0.6	0
278	8.9	-2.8	0
279	11.7	-3.3	0
280	15.6	-0.6	0
281	15	3.9	0.51
282	11.1	0	0.18
283	13.3	0.6	0
284	13.3	-2.2	0
285	13.3	5	0.03
286	15	0.6	0
287	18.9	2.2	0
288	20.6	3.3	0
289	18.3	0.6	0
290	13.3	1.1	0
291	18.3	1.1	0
292	17.8	2.8	0
293	16.1	3.9	0
294	13.9	-0.6	0
295	16.7	0	0
296	18.9	2.2	0
297	20	3.9	0
298	19.4	4.4	0
299	15.6	3.9	0
300	15	5	1.47
301	8.3	3.9	1.42
302	6.7	-0.6	0.08
303	5.6	-2.8	0
303	6.1	-2.8	0
304	13.3	-0.6	0
305	10	3.9	0
306	7.2	-2.8	0
307	7.2	-1.7	0.18
308	4.4	-6.1	0
309	5	-2.2	0.38
310	8.3	2.2	0
311	7.8	-1.7	0.08
312	6.7	-8.3	0
313	13.9	-1.1	0
314	8.3	1.7	0
315	6.1	-2.8	0
316	-1.1	-6.1	0.3
317	1.1	-3.3	0
318	-2.2	-14.4	0
319	-2.2	-5.6	0
320	6.1	-8.3	0
321	1.7	-6.7	0
322	6.7	-5.6	0
323	7.2	-5.6	0
324	8.9	-4.4	0
325	8.9	-3.9	0
326	7.2	-5	0
327	5.6	-6.7	0
328	2.2	-8.3	0
329	1.7	-3.3	1.24
330	-3.3	-11.1	0
331	-6.7	-16.7	0
332	-6.1	-10	0.13
333	-5	-15	0.13
334	-3.3	-10	0.13
335	0	-4.4	0.48
336	-4.4	-13.9	0
337	-7.8	-17.8	0
338	-10.6	-17.2	0
339	-9.4	-16.7	0
340	-12.2	-22.8	0
341	-10	-21.7	0
342	-8.9	-18.3	0
343	-6.7	-17.2	0
344	-0.6	-13.3	0
345	-1.1	-11.7	0
346	-3.3	-15	0.03
347	-11.7	-19.4	0
348	-6.1	-16.1	0.03
349	-5	-14.4	0
350	-10.6	-13.3	0
351	-5.6	-19.4	0
352	-3.3	-12.2	0.05
353	0	-3.9	0
354	3.9	-1.7	0
355	2.2	0.6	0.23
356	4.4	-2.2	0
357	3.3	-1.1	0
358	5.6	-2.8	0
359	2.2	-2.8	0.76
360	0	-2.8	0.18
361	1.7	-1.1	1.17
362	2.2	-3.3	0.13
363	-1.1	-8.3	0.05
364	1.1	-1.7	2.08
365	1.1	-1.7	0.79
