#weather for site US Sheep Experiment Station year = 1970
#DOY Tmax(C) Tmin(C) PPT(cm)
1	-11.7	-18.9	0
2	-10.6	-17.8	0.03
3	-10.6	-16.7	0.05
4	-10	-23.3	0
5	-10.6	-24.4	0
6	-6.1	-22.2	0
7	-2.8	-17.8	0
8	-2.8	-8.9	0.15
9	0	-2.8	0.1
10	0	-8.9	0.3
11	-2.2	-9.4	0
12	1.7	-3.3	0.1
13	0.6	-1.7	0.23
14	0.6	-1.7	0.38
15	0	-2.8	0.28
16	0.6	-1.1	0.03
17	0	-2.8	0
18	0.6	-2.8	0
19	1.1	-1.1	0.03
20	1.1	-5.6	0.13
21	1.1	-1.7	0.08
22	4.4	-0.6	0.05
23	4.4	-1.1	0
24	1.1	-8.9	0
25	0.6	-7.8	0
26	5	-1.7	0
27	-0.6	-7.2	0
28	-5.6	-17.2	0
29	0	-12.2	0
30	-3.9	-13.9	0.03
31	0	-13.3	0.03
32	-0.6	-12.8	0
33	-1.1	-7.8	0
34	-1.1	-13.3	0
35	0.6	-8.9	0
36	2.2	-6.1	0
37	8.3	-3.3	0
38	8.9	-6.7	0
39	10.6	-6.1	0
40	8.9	-6.1	0
41	7.2	-5.6	0
42	6.1	-2.2	0
43	2.8	-1.1	0.03
44	3.9	-7.8	0
45	2.8	-6.1	0
46	7.2	-5.6	0
47	4.4	-1.7	0.03
48	2.8	-10.6	0
49	1.7	-11.1	0
50	7.2	-11.1	0
51	7.8	-7.8	0
52	6.7	-6.7	0
53	4.4	-6.7	0
54	5.6	-4.4	0
55	5.6	-7.2	0
56	3.3	-7.8	0
57	5.6	-6.7	0
58	3.3	-6.1	0.03
59	6.7	-3.9	1.27
60	3.9	-5	0.03
61	1.7	-8.9	0
62	0.6	-10	0
63	3.9	-9.4	0
64	2.8	-8.9	0
65	9.4	-3.9	0
66	7.8	-1.1	0.05
67	0.6	-4.4	0.33
68	-1.7	-10	0
69	0	-12.8	0
70	3.9	-10.6	0
71	3.9	-2.2	0
72	3.9	-3.3	0
73	6.7	-1.1	0
74	6.1	-5.6	0.41
75	0	-6.1	0.03
76	0	-7.2	0
77	1.1	-10	0
78	3.3	-8.3	0
79	6.1	-4.4	0
80	7.8	-5	0
81	7.8	-3.9	0
82	6.1	-2.2	0
83	5	-7.8	0
84	2.8	-4.4	0
85	5	-9.4	0
86	3.3	-4.4	0.08
87	3.3	-6.7	0
88	0	-6.1	0
89	0	-9.4	0
90	1.7	-12.2	0
91	5	-5	0
92	6.7	-6.7	0
93	9.4	-6.7	0
94	13.9	-0.6	0
95	19.4	-0.6	0
96	17.2	0.6	0
97	8.9	-6.1	0
98	15	-3.9	0
99	14.4	3.3	0
100	9.4	2.2	0
101	3.3	-5	0.03
102	2.2	-8.3	0.08
103	2.2	-3.9	0.66
104	0.6	-8.3	0
105	3.9	-9.4	0
106	7.8	-4.4	0
107	8.9	-3.3	0
108	7.8	-2.2	0.41
109	4.4	-7.2	0.23
110	5.6	-8.9	0
111	6.1	-3.9	0
112	8.9	-5.6	0.05
113	9.4	-3.9	0
114	11.7	-3.9	0
115	5.6	-2.2	0.64
116	NA	NA	NA
117	4.4	-2.2	0.08
118	3.9	-2.2	0.15
119	5.6	-3.3	0
120	8.3	-2.2	0
121	12.8	-2.8	0
122	17.8	-2.2	0
123	19.4	0	0
124	21.7	3.3	0
125	23.3	5	0
126	22.8	4.4	0
127	18.9	4.4	0.89
128	10.6	1.7	0.03
129	10.6	3.9	0.13
130	6.7	1.1	0.2
131	7.8	-3.9	0.76
132	7.2	-1.1	0.03
133	8.9	-3.9	0.03
134	12.8	-3.3	0
135	18.9	-0.6	0
136	23.9	4.4	0
137	27.2	6.7	0
138	23.9	10.6	0.1
139	23.9	9.4	0
140	22.2	7.8	0
141	20	5.6	0.79
142	18.9	3.3	0
143	16.1	8.3	0.41
144	20	5.6	0
145	23.3	6.1	0
146	24.4	7.2	0.61
147	20	6.1	0.25
148	17.2	2.2	0.03
149	17.2	2.8	0
150	17.2	3.9	0.05
151	18.3	1.7	0
152	21.7	3.3	0
153	25.6	6.1	0
154	27.8	11.1	0
155	28.3	10	0
156	27.8	10	0
157	27.8	8.9	0
158	27.2	7.8	0
159	22.8	8.9	0.61
160	17.8	6.7	2.03
161	14.4	3.3	0.74
162	14.4	4.4	0
163	11.7	4.4	0.43
164	11.1	4.4	1.04
165	16.1	3.3	0.71
166	15.6	5.6	0
167	18.9	5	0
168	21.1	5.6	0
169	23.3	6.7	0
170	25.6	10	0
171	27.2	11.7	0
172	28.9	11.1	0
173	29.4	11.7	0
174	29.4	12.2	0.3
175	30	13.3	0
176	31.1	13.9	0
177	33.3	13.3	0
178	32.2	13.3	0.41
179	22.8	8.3	0.18
180	22.2	7.2	0
181	17.2	2.2	0.33
182	23.9	1.7	0
183	28.3	7.8	0
184	30.6	12.8	0
185	31.1	12.8	0
186	28.9	12.8	0
187	27.2	12.8	0.46
188	27.2	9.4	0.1
189	28.3	10	0
190	30.6	12.2	0
191	25	13.9	0.1
192	25	10	0.84
193	27.8	8.9	0
194	26.7	13.3	0.08
195	26.7	7.8	0
196	30.6	8.3	0
197	32.2	12.8	0
198	31.7	11.7	0
199	32.8	13.3	0
200	32.2	15	0
201	32.8	10.6	0.2
202	32.8	13.9	0
203	25.6	10	0.38
204	25.6	6.1	0
205	29.4	6.7	0
206	31.1	11.1	0
207	31.1	12.2	0
208	28.9	11.1	0
209	27.8	9.4	0
210	28.3	9.4	0
211	28.9	8.3	0
212	28.9	9.4	0
213	32.8	12.2	0
214	30.6	10.6	0
215	29.4	10.6	0
216	33.9	10	0
217	32.2	16.1	0.36
218	30	13.3	0.05
219	33.3	11.7	0
220	32.8	13.3	0.1
221	26.1	6.1	0
222	28.9	7.8	0
223	32.2	7.8	0
224	32.2	11.7	0
225	32.2	10	0
226	32.2	11.7	0
227	30.6	10	0
228	33.3	11.7	0
229	33.3	11.1	0
230	31.7	8.9	0
231	30.6	10	0
232	29.4	11.7	0
233	29.4	10.6	0
234	30.6	9.4	0
235	31.1	10	0
236	32.2	11.1	0
237	32.8	10	0
238	32.8	15.6	0
239	31.7	12.2	0
240	28.9	11.7	0.08
241	28.3	9.4	0
242	29.4	11.7	0.13
243	29.4	11.1	0.15
244	26.7	10	0.3
245	26.1	7.2	0
246	26.1	5.6	0
247	24.4	8.9	0
248	20.6	3.9	0.46
249	17.2	4.4	0
250	23.3	6.1	0
251	21.7	8.3	0.15
252	19.4	0.6	0
253	21.1	0	0
254	22.2	2.2	0
255	13.3	0	0
256	10	-1.7	0.23
257	10	-1.7	0
258	13.3	-4.4	0
259	17.8	-0.6	0
260	22.8	0	0
261	26.1	4.4	0
262	22.2	5.6	0.25
263	11.7	1.7	0.89
264	10	0.6	1.04
265	10.6	-1.7	0.05
266	17.2	2.2	0
267	16.7	-1.1	0
268	11.7	-2.2	0
269	16.7	-3.9	0
270	22.2	1.7	0
271	23.3	2.2	0
272	25	4.4	0
273	23.9	6.1	0
274	23.3	5.6	0
275	23.9	6.1	0
276	23.3	4.4	0
277	22.8	5.6	0
278	20	5.6	0
279	13.3	-1.1	0
280	6.1	-3.9	0
281	7.2	-3.3	0
282	6.1	0.6	0
283	7.2	-0.6	0
284	13.3	-2.8	0
285	13.3	3.3	0.03
286	10.6	-5	0
287	10.6	-3.3	0
288	13.9	-4.4	0
289	15.6	-2.8	0
290	16.7	-1.7	0
291	15.6	-1.1	0
292	13.9	2.2	0
293	13.9	-4.4	0
294	13.3	0	0
295	7.8	0	0.41
296	3.9	-5	0.3
297	2.8	-0.6	1.22
298	1.7	-7.8	0.38
298	0.6	-10	0.03
299	-1.7	-12.2	0
300	-1.7	-11.7	0
301	1.7	-9.4	0
302	6.1	-7.2	0
303	6.7	-6.1	0
304	8.9	-3.9	0
305	7.2	-1.7	0
306	8.9	-3.9	0
307	7.2	-5.6	0
308	6.1	0	0
309	5	1.7	0
310	7.8	-1.1	0
311	6.1	-3.9	0.08
312	2.2	-1.1	0.86
313	3.9	-1.1	1.04
314	0	-5.6	0.25
315	4.4	-5.6	0.08
316	5.6	-2.8	0
317	2.2	-8.3	0
318	3.3	-6.1	0
319	1.7	-5	0
320	0.6	-3.9	0
321	2.8	-3.3	0
322	2.2	-8.3	0
323	2.2	-3.9	0
324	0.6	-5.6	0
325	-3.9	-13.3	0
326	-1.7	-10	0
327	5.6	-2.8	0.25
328	7.8	0.6	0
329	3.3	-5	0
330	0.6	-5.6	0
331	6.7	-1.7	0
332	3.9	-3.3	0.13
333	2.2	-1.1	3.94
334	0	-9.4	0.03
335	-0.6	-5.6	0.43
336	-1.1	-14.4	0
337	0	-5	0.05
338	0	-10.6	0
339	5	-0.6	0
340	1.7	-3.3	0.1
341	1.7	-1.7	0.05
342	1.1	-0.6	1.02
343	-0.6	-8.3	0.05
344	-0.6	-8.9	0.36
345	-8.3	-17.8	0
346	-3.9	-16.1	0
347	-3.9	-12.2	0
348	-5	-10	0
349	-1.7	-5.6	0.48
350	-3.9	-12.8	0
351	-5.6	-11.7	0.13
352	-2.8	-16.1	0
353	-2.8	-15.6	0.03
354	-5.6	-11.7	0.08
355	-5.6	-16.1	0
356	-11.7	-23.3	0
357	-13.3	-21.1	0
358	-11.7	-16.7	0
359	-7.2	-15.6	0
360	-6.7	-14.4	0.03
361	-4.4	-10	0
362	-3.3	-10	0.03
363	-5	-15.6	0
364	0	-5	0
365	-4.4	-15.6	0
