#weather for site US Sheep Experiment Station year = 2000
#DOY Tmax(C) Tmin(C) PPT(cm)
1	-6.1	-10	0.03
2	-7.8	-16.7	0
3	-4.4	-10.6	0.23
4	-4.4	-13.9	0.03
5	-6.7	-15	0
6	-1.1	-11.1	0.03
7	-4.4	-13.3	0.28
8	-5	-11.1	0
9	-2.2	-10	0
10	2.2	-6.7	0.23
11	-1.7	-13.9	0.05
12	0	-12.2	0
13	5	-5.6	0
14	2.2	-5.6	0.18
15	6.7	-0.6	0.13
16	1.1	-11.1	0
17	3.9	-12.2	0
18	1.1	-5	0
19	2.8	-4.4	0
20	1.7	-3.9	0
21	0	-6.7	0
22	-2.8	-7.2	0
23	0.6	-5.6	0.08
24	1.1	-1.7	0.43
25	0.6	-7.8	0
26	-2.2	-11.1	0.18
27	-6.7	-14.4	0
28	-6.1	-13.3	0.03
29	-1.7	-17.2	0
30	0	-15	0
31	-1.7	-14.4	0.03
32	3.3	-4.4	0.08
33	4.4	-7.2	0
34	2.8	-8.9	0
35	2.2	-3.9	0.1
36	6.1	-6.7	0
37	5.6	-5.6	0
38	5	-3.3	0
39	4.4	-1.1	0
40	4.4	-7.2	0
41	1.1	-6.1	0
42	1.1	-1.7	0
43	1.1	-4.4	0.13
44	2.8	-2.8	0.81
45	3.9	-4.4	0.13
46	3.3	-9.4	0
47	1.7	-5	0
48	1.7	-13.3	0
49	-0.6	-10	0
50	6.1	-10	0
51	8.9	-2.2	0
52	6.1	0.6	0.23
53	5.6	-2.2	0.03
54	2.8	-2.2	0.84
55	3.9	-4.4	0.18
56	0.6	-13.9	0.1
57	6.7	-3.3	0.18
58	7.2	-0.6	0.53
59	3.3	-2.8	0
60	8.9	-2.2	0
61	3.9	-3.3	0
62	6.7	-7.2	0
63	9.4	-7.8	0
64	8.9	-1.1	0
65	7.8	-1.1	0.58
66	4.4	-4.4	0
67	3.3	-5	0
68	3.3	-3.9	0.25
69	1.1	-3.9	0.33
70	7.2	-3.9	0
71	5	-8.3	0
72	5	-6.7	0
73	8.9	-4.4	0
74	6.7	-5	0
75	6.7	-8.9	0
76	5.6	-3.9	0.36
77	6.1	-7.8	0
78	2.2	-3.9	0.64
79	2.2	-10	0
80	6.7	-9.4	0
81	8.9	-7.2	0
82	7.2	-3.9	0
83	8.3	-8.9	0
84	9.4	-6.7	0
85	12.2	-6.7	0
86	12.8	-2.8	0
87	11.7	2.2	0
88	5.6	-7.8	0
89	7.2	-4.4	0
90	8.9	-2.8	0
91	10.6	-3.9	0
92	10.6	0.6	0
93	NA	NA	NA
94	11.7	-7.8	0
95	21.7	-1.1	0
96	20	1.1	0
97	15.6	1.1	0
98	10.6	-3.3	0
99	15	-3.9	0
100	13.3	2.2	0.03
101	16.1	-1.7	0
102	18.9	0	0
103	21.1	3.9	0
104	21.1	5.6	0
105	17.2	2.8	0.69
106	14.4	0.6	0
107	15	0.6	0.25
108	14.4	3.3	0
109	15	4.4	0.13
110	13.9	2.2	1.3
111	15	3.9	0.1
112	20	2.8	0
113	17.8	6.1	0.13
114	13.3	2.2	0.51
115	11.7	-0.6	0.03
116	14.4	-0.6	0
117	16.1	1.1	0
118	23.3	1.7	0
119	23.3	10	0
120	19.4	1.7	0
121	16.7	-3.3	0
122	22.8	2.2	0
123	22.2	5.6	0
124	23.9	3.3	0
125	22.8	7.2	0
126	17.2	4.4	0.2
127	8.3	1.7	0.25
128	11.1	3.3	0.74
129	13.3	1.7	2.03
130	15	1.7	0.33
131	13.9	0	0.03
132	13.3	-2.2	0
133	11.1	-4.4	0.05
134	15.6	0.6	0
135	20	3.9	0
136	20.6	6.1	0
137	20.6	8.3	0
138	16.7	3.9	0.48
139	19.4	3.3	0
140	19.4	5	0.1
141	20.6	3.9	0
142	24.4	7.2	0
143	26.1	8.3	0
144	26.1	8.9	0
145	23.3	6.1	0
146	22.2	5.6	0.36
147	22.8	4.4	0
148	22.8	2.8	0.61
149	22.2	8.9	0.03
150	21.1	7.2	0
151	22.2	3.3	0
152	21.7	2.2	0
153	18.9	0	0
154	26.1	3.3	0
155	27.8	7.8	0
156	28.3	8.3	0
157	30.6	8.9	0
158	30	8.3	0
159	31.1	8.9	0
160	29.4	11.1	0
161	27.2	6.7	0.25
162	21.1	1.7	0.91
163	20.6	3.9	0
164	18.9	9.4	0.1
165	21.1	6.1	0.2
166	25.6	5.6	0
167	25.6	11.7	0
168	21.1	2.8	0
169	20.6	3.9	0
170	27.8	8.3	0
171	16.1	8.3	0.25
172	21.7	1.7	0.03
173	26.7	5	0
174	30.6	7.8	0
175	28.9	11.1	0
176	29.4	11.7	0
177	26.7	11.1	0
178	27.2	7.8	0
179	25.6	9.4	0.18
180	28.9	8.3	0
181	28.9	10	0
182	31.7	9.4	0
183	31.7	11.1	0
184	30	8.9	0
185	27.8	13.3	0
186	25	7.2	0
187	29.4	10	0
188	28.3	6.7	0
189	28.3	10	0
190	31.1	11.7	0
191	30	10.6	0
192	25.6	12.2	0
193	28.3	8.3	0.3
194	33.3	10.6	0
195	34.4	12.2	0
196	34.4	12.2	0
197	32.2	10.6	0
198	32.8	16.1	0
199	31.7	14.4	0
200	23.3	9.4	0.79
201	27.2	7.8	0
202	28.9	8.9	0.03
203	31.7	10.6	0
204	35	12.8	0
205	34.4	15	0
206	29.4	13.9	0
207	32.2	11.7	0
208	32.8	13.3	0
209	34.4	13.9	0
210	35	15	0
211	36.7	16.1	0
212	37.8	16.7	0
213	37.8	17.8	0
214	35.6	16.7	0
215	34.4	17.2	0
216	33.3	13.9	0
217	30	15.6	0
218	29.4	11.1	0.05
219	32.2	12.8	0
220	33.3	12.2	0
221	33.9	12.2	0
222	35	12.8	0
223	34.4	17.2	0
224	31.1	14.4	0
225	31.1	7.8	0
226	32.8	11.1	0
227	31.7	7.8	0
228	34.4	11.1	0
229	33.3	13.3	0
230	32.8	13.3	0
231	30.6	12.2	0
232	30	7.8	0
233	26.7	10.6	0
234	27.2	7.2	0
235	31.1	10.6	0
236	32.8	11.1	0
237	31.1	12.8	0
238	31.7	12.2	0
239	32.2	8.3	0
240	30.6	9.4	0
241	29.4	9.4	0
242	30	7.2	0
243	30	10.6	0
244	23.9	9.4	0
245	21.7	7.8	1.4
246	18.9	5.6	1.52
247	21.1	5	0.08
248	25.6	6.7	0
249	19.4	6.1	0
250	18.9	5.6	0
251	22.2	2.2	0
252	25	3.3	0
253	21.7	3.9	0
254	17.8	1.1	0
255	23.3	6.1	0
256	25.6	5.6	0
257	28.9	8.3	0
258	30.6	10.6	0
259	32.2	10	0
260	30	14.4	0
261	27.8	13.3	0
262	27.2	7.8	0
263	25	11.7	0
264	22.8	1.1	0
265	17.8	5.6	0.05
266	10	-2.2	0
267	8.3	-2.8	0
268	13.3	-5	0
269	17.2	-2.2	0
270	20	-0.6	0
271	23.3	0.6	0
272	25	2.8	0
273	25.6	6.1	0
274	22.8	7.8	0
275	17.8	7.2	0.05
276	19.4	1.1	0
277	19.4	1.7	0
278	17.2	-0.6	0
279	15.6	-2.8	0
280	16.1	-2.2	0
281	18.9	-1.7	0
282	20	-1.1	0
283	22.2	0	0
284	14.4	5.6	0.08
285	9.4	2.2	0.66
286	6.1	1.7	0.48
287	7.2	1.7	0.53
288	7.8	1.7	0.3
289	11.7	0	0
290	13.9	-0.6	0
291	16.7	0.6	0
292	17.2	1.1	0
293	16.7	5	0
294	16.7	1.7	0
295	16.1	1.7	0.08
296	8.3	-1.7	0
297	10.6	-2.2	0
298	14.4	0.6	0
299	13.9	1.7	0
300	12.8	1.1	0.05
301	12.8	2.8	0.1
302	12.8	2.2	0.03
303	5	1.7	0.66
303	11.7	3.3	0.56
304	8.3	1.7	0
305	7.2	-4.4	0
306	4.4	-7.8	0
307	5	-8.9	0
308	6.7	-6.1	0
309	1.1	-6.7	0.23
310	1.1	-6.7	0
311	3.3	-8.3	0
312	1.1	-10	0.33
313	-0.6	-7.2	0.41
314	-2.2	-14.4	0
315	-3.3	-16.7	0
316	-2.2	-14.4	0
317	-2.8	-16.1	0
318	-1.7	-13.9	0.05
319	-2.8	-11.1	0.13
320	-4.4	-14.4	0
321	-2.2	-15	0.05
322	-4.4	-13.9	0
323	-1.1	-10.6	0
324	5	-13.3	0
325	7.8	-9.4	0
326	8.3	-6.1	0
327	2.2	-11.7	0
328	2.2	-10.6	0
329	-1.7	-8.3	0
330	-1.1	-7.2	0.23
331	0.6	-3.9	0.23
332	-0.6	-15	0
333	6.1	-11.7	0
334	3.9	-8.9	0.36
335	2.2	-8.9	0
336	2.2	-8.9	0
337	-0.6	-10	0
338	6.1	-9.4	0
339	1.7	-7.8	0
340	1.1	-13.9	0
341	4.4	-11.1	0
342	2.2	-11.7	0
343	0	-5.6	0
344	-1.1	-9.4	0
345	-5.6	-16.1	0
346	-3.3	-15	0
347	-6.7	-11.7	0.1
348	-1.1	-11.7	0.1
349	1.1	-9.4	0.03
350	-5	-16.7	0
351	0	-10	0.1
352	-4.4	-15	0
353	-3.9	-12.2	0
354	-5	-15.6	0
355	-3.9	-17.2	0
356	-0.6	-5.6	0.08
357	-1.1	-5	0
358	1.1	-5	0.91
359	-0.6	-11.7	0
360	-6.7	-15	0
361	-2.8	-12.8	0
362	-1.1	-12.8	0
363	-2.2	-13.9	0
364	0.6	-8.9	0
365	-1.1	-12.2	0
366	-4.4	-11.1	0
