#weather for site US Sheep Experiment Station year = 1934
#DOY Tmax(C) Tmin(C) PPT(cm)
1	2.2	0	0
2	1.7	-3.3	0.48
3	4.4	-2.8	0
4	1.1	-8.9	0
5	0.6	-10.6	0
6	-3.3	-16.1	0
7	-1.1	-16.1	0
8	2.2	-12.2	0
9	0	-9.4	0
10	1.7	-13.9	0
11	-5.6	-16.1	0
12	-2.8	-11.7	0
13	0.6	-11.7	0
14	3.3	-5.6	0
15	1.7	-8.3	0
16	4.4	-3.3	0
17	NA	NA	NA
18	1.1	-7.2	0
19	1.1	-1.7	0.23
20	0	-5.6	0
21	2.2	-1.1	0
22	6.1	-1.1	0
23	1.7	-3.3	0
24	-1.7	-8.3	0
25	0.6	-5	0
26	-0.6	-2.8	0
27	0	-2.8	0
28	1.7	-8.3	0
29	0	-6.1	0.08
30	-1.7	-5.6	0
31	4.4	-6.1	0
32	8.9	-1.7	0
33	7.2	-1.7	0
34	10	-1.7	0
35	9.4	-1.1	0
36	11.1	-1.1	0
37	8.9	-2.8	0
38	7.2	-0.6	0
39	2.2	-0.6	0.84
40	2.8	-6.1	0
41	6.1	-8.3	0
42	10.6	-6.1	0
43	8.9	-3.3	0
44	8.9	-6.1	0
45	8.3	-5	0
46	5.6	-2.2	0.05
47	6.7	-1.1	0
48	7.2	-7.2	0
49	6.1	-2.2	0.03
50	6.7	-1.7	0
51	3.3	-6.7	0
52	2.2	-4.4	0
53	6.7	-5	0
54	3.9	-2.8	0
55	0.6	-8.9	0
56	3.3	-8.3	0
57	4.4	-1.1	0
58	5.6	-5	0
59	7.8	-1.7	0
60	10	0.6	0
61	9.4	-6.1	0
62	10	-1.1	0
63	12.8	-2.2	0
64	12.8	0	0
65	13.3	0	0
66	9.4	-5.6	0
67	11.7	-2.8	0
68	16.1	-2.8	0
69	15.6	-0.6	0
70	17.8	-2.2	0
71	15	1.1	0
72	19.4	1.7	0
73	20	1.7	0
74	20	1.7	0
75	15	0.6	0
76	12.8	-5	0
77	17.2	-1.1	0
78	18.3	3.3	0
79	20.6	1.7	0
80	15.6	-0.6	0
81	12.8	-2.2	0
82	13.3	-6.7	0
83	15	1.1	0
84	15.6	-1.1	0
85	15	2.8	0.38
86	15.6	5.6	0
87	21.1	3.9	0
88	12.8	-0.6	0
89	13.3	1.1	0
90	10	-0.6	0
91	5.6	-6.7	0
92	11.1	-2.2	0
93	15	0.6	0
94	15.6	0.6	0
95	18.3	0.6	0
96	20.6	1.1	0
97	20.6	1.7	0
98	20	2.2	0
99	21.7	3.9	0
100	23.3	6.1	0
101	23.3	7.8	0
102	20.6	5.6	0
103	18.9	3.9	0
104	16.1	-1.7	0
105	15.6	4.4	0
106	18.3	0	0
107	21.7	0	0
108	23.9	6.7	0
109	25	5	0
110	27.2	7.2	0
111	25.6	5	0
112	26.1	5	0
113	24.4	8.9	0
114	19.4	7.8	0.18
115	17.2	2.2	0.69
116	19.4	2.8	0
117	21.7	2.8	0
118	21.1	2.8	0
119	19.4	2.2	0
120	17.2	2.2	0
121	16.1	2.8	0.41
122	20.6	3.3	0
123	23.3	8.9	0
124	27.2	8.3	0
125	28.9	8.3	0
126	28.3	8.3	0
127	24.4	7.2	0
128	17.2	1.1	0
129	21.7	2.2	0
130	26.1	4.4	0
131	24.4	2.2	0.66
132	18.9	-0.6	0
133	22.8	3.3	0
134	26.7	6.1	0
135	27.8	8.9	0
136	26.1	7.2	0
137	26.1	11.1	0
138	26.1	6.7	0
139	25	7.2	0
140	23.3	6.7	0
141	28.3	7.2	0
142	29.4	11.1	0
143	30.6	8.3	0
144	31.1	11.7	0
145	28.9	12.2	0
146	30	11.1	0
147	28.9	11.7	0
148	26.7	11.1	0
149	23.9	7.2	0
150	22.8	6.7	0
151	20	0	0.53
152	20.6	0	0
153	20.6	10	0
154	20.6	3.3	0
155	25.6	7.8	0
156	20	7.8	0.53
157	12.2	6.7	1.93
158	14.4	3.9	1.27
159	21.7	3.3	0
160	26.1	6.7	0
161	27.2	9.4	0
162	27.8	10.6	0.03
163	27.8	10.6	0
164	27.2	11.1	0
165	25	9.4	0.2
166	23.9	11.1	0
167	26.7	8.9	0
168	27.2	7.8	0.56
169	28.3	8.9	0.3
170	21.7	4.4	0.08
171	25.6	10	0
172	28.3	6.7	0
173	26.7	6.7	0
174	26.1	13.9	0
175	26.7	10.6	0
176	26.1	12.8	0
177	25.6	10.6	0.23
178	22.8	2.2	0
179	26.7	7.8	0
180	26.7	10	0
181	30.6	13.9	0
182	30	15.6	0
183	29.4	15	0
184	28.3	12.8	0
185	26.7	8.9	0
186	30.6	8.9	0
187	30	16.1	0
188	28.3	7.8	0
189	31.1	8.3	0
190	32.8	11.1	0
191	32.2	12.2	0
192	32.8	11.7	0
193	30.6	11.7	0
194	34.4	10.6	0
195	32.8	16.1	0
196	32.2	12.2	0
197	35	12.8	0
198	35.6	15.6	0
199	33.9	13.9	0
200	32.2	12.8	0
201	28.3	13.9	0
202	28.3	12.2	0
203	33.3	16.1	0
204	32.2	15.6	0
205	31.7	15	0
206	31.1	15	0
207	36.7	13.9	0
208	37.2	15.6	0
209	35	15.6	0
210	32.8	16.1	0
211	30.6	11.7	0
212	31.1	12.8	0
213	34.4	12.2	0
214	35	17.8	0
215	33.3	15.6	0
216	31.7	18.3	0
217	31.7	13.3	0
218	33.9	12.2	0
219	32.2	14.4	0
220	31.7	13.3	0.03
221	25.6	12.2	0
222	32.8	10	0
223	31.1	12.8	0
224	32.2	11.1	0
225	32.2	14.4	0
226	30	14.4	0
227	31.1	11.1	0
228	34.4	13.3	0
229	32.8	12.2	0
230	28.3	11.1	0
231	28.9	11.1	0
232	28.9	14.4	0
233	28.9	11.7	0
234	27.2	11.7	0
235	28.3	8.9	0
236	30.6	12.2	0
237	32.2	14.4	0
238	32.8	15	0
239	32.8	12.8	0
240	28.9	12.2	0.13
241	29.4	14.4	0
242	28.3	8.9	0
243	26.7	8.9	0
244	27.2	10	0
245	28.3	5	0
246	26.7	10.6	0
247	27.8	11.1	0.1
248	30	11.7	0
249	27.8	10	0.15
250	14.4	6.1	0
251	17.2	3.3	0
252	26.1	3.3	0
253	27.2	7.8	0
254	26.7	8.9	0
255	22.8	5	0
256	20	4.4	0
257	21.7	1.7	0
258	21.7	5	0
259	25	1.7	0
260	27.2	5	0
261	24.4	7.8	0
262	16.1	-1.7	0
263	17.2	2.8	0
264	14.4	10	0
265	13.3	-3.3	0.08
266	1.7	-3.9	0.46
267	1.7	-3.9	0.25
268	5	-7.8	0
269	11.1	-2.2	0
270	14.4	3.3	0
271	18.3	0.6	0
272	22.8	3.3	0
273	22.2	5.6	0
274	24.4	4.4	0
275	21.1	3.3	0
276	22.2	0	0
277	20	1.1	0
278	18.3	0	0.05
279	22.2	0.6	0.03
280	21.7	2.2	0
281	22.2	3.3	0
282	27.2	6.1	0
283	28.9	8.3	0
284	25	7.2	0
285	21.1	4.4	0
286	15.6	-1.1	0
287	11.1	-0.6	0
288	16.7	-0.6	0.18
289	17.8	1.1	0
290	15.6	4.4	0
291	16.7	3.9	3.51
292	16.1	0	0
293	15.6	1.1	0
294	13.3	1.7	0
295	6.1	-2.8	0
296	10	-0.6	0.03
297	15	0	0
298	16.7	1.7	0
299	16.1	-0.6	0
300	15.6	0.6	0
301	16.1	0	0
302	12.8	2.8	0
303	16.7	4.4	0
304	11.1	5.6	0
305	9.4	-8.3	0.08
306	1.1	-3.9	0
307	1.7	-6.1	0
308	12.8	-1.1	0
309	15	0	0
310	13.9	0.6	0
311	14.4	0	0
312	17.8	1.7	0
313	19.4	2.2	0
314	19.4	1.7	0
315	18.3	1.7	0
316	15.6	0.6	0
317	15.6	0.6	0
318	14.4	2.2	0
319	13.9	1.7	0
320	14.4	0.6	0
321	8.9	-1.1	0.86
322	8.9	-1.1	0.81
323	2.2	-3.3	0
324	-0.6	-3.3	0
325	1.7	-2.2	0
326	3.3	-2.2	0.08
327	1.1	-7.2	0
328	0	-8.3	0.13
329	-1.1	-9.4	0
330	-1.1	-12.2	1.09
331	-3.3	-13.3	0.71
332	-1.7	-11.7	0
333	-0.6	-9.4	0.08
334	-1.1	-13.9	0.2
335	-3.3	-18.9	0.05
336	-1.1	-13.9	0
337	0.6	-8.9	0
338	-3.3	-13.3	0
339	0	-13.3	0
340	3.3	-12.2	0
341	3.9	-12.8	0
342	5	-11.1	0
343	5	-10	0
344	7.2	-7.8	0
345	7.8	-6.7	0
346	9.4	-5.6	0
347	7.2	-1.1	0.84
348	3.3	-5.6	0.05
349	2.2	-8.9	0
350	0	-5	0.41
351	-3.3	-12.8	0.08
352	-4.4	-11.1	0
353	3.3	-6.7	0.13
354	1.7	-11.1	0
355	1.7	-11.1	0
356	-3.3	-14.4	0.03
357	-3.3	-10	0
358	-6.1	-14.4	0
359	-0.6	-11.7	0
360	1.1	-4.4	0
361	-0.6	-11.1	0
362	-3.3	-17.8	0
363	-0.6	-9.4	0
364	-7.2	-18.9	0
365	-1.1	-16.7	0
