#weather for site US Sheep Experiment Station year = 1956
#DOY Tmax(C) Tmin(C) PPT(cm)
1	-0.6	-8.3	0.33
2	1.1	-8.3	0
3	4.4	-5.6	0
4	3.3	-1.7	0
5	6.1	-1.7	0.05
6	5	-7.2	0
7	1.7	-4.4	0
8	4.4	-9.4	0
9	4.4	-3.9	0
10	3.9	0	0.03
11	7.2	-1.1	0.05
12	2.8	-1.1	0.15
13	0.6	-7.8	0
14	-0.6	-4.4	0.51
15	2.2	-3.9	0.03
16	-2.8	-7.2	0
17	-2.2	-5	0
18	-2.8	-8.9	0.33
19	-2.2	-5	0
20	0.6	-5	0
21	0.6	-3.3	0.33
22	0.6	-2.8	1.22
23	-2.8	-16.1	0
24	-7.2	-16.7	0
25	-2.8	-10.6	0.51
26	-2.8	-5	0.05
27	-3.9	-16.1	0
28	-9.4	-20	0
29	-8.9	-20	0
30	-12.2	-25	0
31	-13.9	-22.8	0
32	-11.1	-26.7	0
33	-7.2	-24.4	0
34	-2.2	-17.8	0
35	-1.7	-10	0
36	-3.9	-14.4	0
37	-1.7	-13.3	0.05
38	-6.1	-12.2	0
39	-6.7	-19.4	0
40	-7.2	-12.8	0
41	-5	-13.9	0
42	-2.2	-10	0
43	-2.2	-13.3	0
44	-4.4	-18.9	0
45	-8.3	-17.8	0
46	-16.1	-25.6	0
47	-12.2	-20	0
48	-11.1	-16.7	0.03
49	-6.7	-13.9	0.23
50	-2.8	-10.6	0.64
51	1.1	-6.1	0
52	2.8	-6.1	0
53	2.2	-6.1	0
54	-2.2	-13.3	0
55	-1.7	-15.6	0
56	-2.2	-11.1	0
57	-3.9	-15.6	0
58	-1.7	-13.3	0
59	4.4	-10.6	0
60	0	-11.7	0
61	2.8	-6.1	0.03
62	3.3	-1.7	0
63	1.7	-6.1	0
64	-0.6	-8.9	0
65	-2.8	-16.1	0
66	-6.1	-17.8	0
67	2.8	-7.2	0
68	-0.6	-8.9	0
69	-4.4	-11.7	0
70	-5.6	-17.8	0
71	-5	-21.1	0
72	-6.1	-16.1	0.15
73	-3.9	-11.7	0
74	-4.4	-17.2	0
75	-1.7	-10.6	0
76	5.6	-8.9	0
77	5	-6.7	0
78	8.3	-4.4	0
79	8.3	-4.4	0
80	4.4	-2.8	0
81	10	-0.6	0
82	7.8	-0.6	0
83	16.1	1.1	0
84	15.6	2.2	0
85	8.3	-2.8	0
86	2.2	-7.2	0
87	5	-8.9	0
88	8.9	-5.6	0
89	11.1	-1.1	0
90	8.9	-0.6	0
91	4.4	-2.2	0
92	5	-3.9	0
93	7.2	-5	0
94	11.7	-4.4	0
95	10.6	-1.7	0
96	5	-12.8	0
97	12.8	-2.2	0
98	10	-1.1	0.08
99	13.9	-3.3	0
100	17.2	-1.1	0
101	15	3.3	0.23
102	13.3	-3.3	0.08
103	15.6	0	0
104	17.8	2.2	0
105	18.3	-1.1	0
106	15	2.8	0.13
107	13.9	0.6	0.15
108	19.4	2.2	0
109	20	2.2	0
110	20.6	2.2	0
111	22.2	3.9	0
112	20.6	5.6	0
113	15	2.8	0.08
114	12.8	3.9	0.25
115	13.9	1.7	0
116	13.3	4.4	0.1
117	14.4	2.2	0.15
118	9.4	1.1	2.34
119	8.9	0	0.91
120	NA	NA	NA
121	10	-1.7	0
122	16.1	-1.7	0
123	17.2	2.2	0
124	15.6	1.1	0
125	17.2	3.3	0
126	15	1.1	0
127	15.6	2.8	0.05
128	18.3	5.6	0
129	17.8	5	0
130	15	2.8	0
131	13.9	2.2	0.08
132	12.8	3.3	0.25
133	10	-1.7	0
134	10.6	0	0
135	15.6	0	0
136	19.4	1.1	0
137	22.8	3.9	0
138	25	5	0
139	26.7	8.9	0
140	26.1	12.2	0
141	24.4	8.9	0
142	25.6	8.9	0.05
143	26.1	9.4	0.13
144	27.2	8.3	0
145	24.4	11.1	0.13
146	23.9	8.3	0.03
147	23.3	7.2	0.56
148	19.4	7.8	0
149	17.2	8.9	0.38
150	17.8	8.9	0.23
151	22.8	6.7	0
152	29.4	8.9	0
153	28.9	12.8	0
154	23.9	7.2	0
155	26.1	7.8	0.05
156	27.8	8.9	0.1
157	22.2	2.8	0.03
158	17.8	2.2	0
159	25	3.3	0
160	28.9	6.7	0
161	30	10	0.05
162	31.1	8.9	0
163	30	11.1	0
164	30	7.8	0
165	29.4	14.4	0
166	30.6	10.6	0
167	28.9	6.1	0.69
168	12.2	4.4	0.64
169	19.4	2.8	0
170	25.6	5.6	0
171	30	10.6	0
172	27.8	10	0
173	16.1	5	0.58
174	22.8	0.6	0.05
175	27.2	5	0
176	28.9	10.6	0.03
177	25	8.3	0
178	27.8	9.4	0
179	27.8	9.4	0
180	31.1	14.4	0
181	29.4	10	0
182	27.2	7.8	0
183	24.4	6.7	0
184	16.1	8.9	0.36
185	21.1	5	0
186	25.6	5.6	0
187	29.4	8.9	0
188	28.3	12.8	0
189	27.2	10.6	0
190	30.6	11.7	0
191	34.4	12.8	0
192	33.9	15.6	0.03
193	31.7	16.1	0
194	31.1	12.2	0
195	30.6	15	0
196	30	11.7	0
197	28.9	11.1	0
198	30	12.2	0
199	30	14.4	0
200	29.4	12.8	0
201	32.2	12.2	0
202	33.3	14.4	0
203	31.1	18.3	0
204	31.7	16.7	0
205	33.3	16.7	0
206	32.8	14.4	0
207	33.9	13.9	0
208	33.3	16.7	0
209	31.1	16.1	0
210	32.2	13.3	0
211	27.2	12.2	1.12
212	29.4	9.4	0
213	28.9	14.4	0
214	28.9	10.6	0.05
215	26.1	12.2	0
216	24.4	7.2	0
217	28.9	7.8	0
218	28.3	9.4	0
219	27.2	12.2	0
220	23.3	8.9	0
221	26.7	8.9	0
222	27.2	11.1	0
223	26.7	9.4	0
224	29.4	10.6	0
225	31.1	10	0
226	33.9	13.9	0
227	30.6	15.6	0
228	30	12.8	0
229	29.4	12.2	0
230	30	11.1	0
231	28.9	11.7	0
232	28.3	12.2	0.1
233	29.4	10	0
234	31.1	10	0
235	32.2	12.8	0
236	33.3	12.8	0
237	29.4	12.8	0.05
238	28.9	12.2	0
239	28.3	10.6	0
240	18.9	2.2	0
241	20	3.3	0
242	21.1	4.4	0
243	18.3	5	0
244	21.1	1.7	0
245	28.9	6.7	0
246	27.2	10	0
247	25	5	0
248	21.7	5.6	0
249	20.6	3.3	0
250	25	3.3	0
251	25	8.3	0
252	26.1	7.8	0
253	28.9	8.3	0
254	26.7	10.6	0.48
255	23.9	6.7	0
256	24.4	8.3	0.84
257	25	7.8	0
258	26.1	8.3	0
259	27.2	6.1	0
260	27.2	8.9	0
261	25.6	8.9	0
262	28.9	9.4	0
263	30	10	0
264	28.3	9.4	0
265	17.2	4.4	0
266	15	-1.7	0
267	19.4	-1.7	0
268	22.8	-2.2	0
269	26.1	0	0
270	21.7	-0.6	0
271	21.1	0.6	0
272	14.4	3.9	0
273	16.1	-1.7	0
274	20.6	-1.1	0
274	26.1	-1.1	0
275	21.7	1.1	0
276	22.2	2.2	0
277	21.1	6.1	0
278	21.7	5	0
279	23.3	4.4	0
280	25.6	3.9	0
281	23.9	10.6	0
282	23.9	4.4	0.74
283	15	6.7	0.41
284	15.6	5	0
285	9.4	2.8	0.97
286	7.8	0.6	0
287	9.4	-2.2	0
288	11.7	-0.6	0
289	17.2	-0.6	0
290	16.7	1.1	0
291	17.2	2.2	0
292	14.4	-0.6	0
293	12.8	-1.7	0
294	14.4	1.1	0
295	5.6	-4.4	0
296	5.6	1.1	0.81
297	5	-2.8	0
298	1.1	-5	0
299	1.7	-0.6	0.36
300	3.9	-0.6	1.32
301	1.7	-2.2	0
302	1.1	-7.2	0
303	2.2	-6.1	0.38
304	2.8	-1.7	0.46
305	2.8	-7.2	0
306	3.3	-16.7	0
307	2.8	-16.1	0
308	-2.8	-7.8	0.28
309	0.6	-5	0.36
310	1.7	-2.2	0.28
311	2.8	-4.4	0
312	4.4	-6.7	0
313	7.2	-2.8	0
314	8.3	-2.8	0
315	8.3	-1.7	0
316	8.9	-2.2	0
317	1.7	-1.7	0
318	1.1	-11.1	0
319	-5.6	-15	0
320	-1.1	-11.7	0
321	3.9	-5.6	0
322	-1.1	-9.4	0
323	3.3	-13.9	0
324	-2.8	-17.8	0
325	-2.8	-14.4	0
326	3.3	-10.6	0
327	8.9	-8.9	0
328	8.3	-6.7	0
329	8.9	-6.1	0
330	5.6	-8.3	0
331	5.6	-7.8	0
332	3.9	-6.1	0
333	5.6	-7.2	0
334	4.4	-7.2	0
335	4.4	-6.7	0
336	4.4	-7.8	0
337	4.4	-7.8	0
338	4.4	-6.7	0
339	1.1	-10	0.03
340	-6.1	-10	0.03
341	-8.3	-20.6	0
342	-11.7	-21.1	0
343	-6.1	-15.6	0
344	-6.1	-12.8	0
345	-1.1	-7.8	0.03
346	-0.6	-7.8	0.25
347	3.9	-2.8	0
348	0.6	-5.6	0
349	0.6	-5.6	0
350	2.8	-6.1	0
351	-1.7	-10.6	0
352	0	-5.6	0
353	-0.6	-9.4	0
354	-1.7	-5.6	0
355	-3.9	-6.7	0.2
356	-4.4	-7.2	0
357	-7.2	-17.2	0
358	-7.2	-12.2	0
359	-4.4	-10	0
360	-3.9	-11.7	0
361	-1.1	-11.1	0
362	2.8	-15.6	0
363	2.2	-11.1	0
364	3.3	-9.4	0
365	1.7	-9.4	0
366	2.8	-9.4	0
