#weather for site US Sheep Experiment Station year = 1943
#DOY Tmax(C) Tmin(C) PPT(cm)
1	2.2	-4.4	0
2	2.2	-5.6	0.05
3	-3.3	-16.1	0
4	-5.6	-18.3	0
5	-4.4	-11.7	0
6	-5	-15.6	0
7	-5.6	-11.7	0
8	-6.7	-10	0
9	-7.2	-14.4	0
10	-4.4	-16.7	0
11	-3.3	-11.7	0
12	-4.4	-14.4	0
13	-7.8	-11.1	0
14	-6.1	-10	0.03
15	3.9	-8.3	0
16	-3.3	-22.2	0
17	-11.7	-23.9	0
18	-18.9	-31.7	0
19	-14.4	-27.2	0
20	-3.9	-16.7	0.74
21	1.7	-6.1	0.97
22	1.7	-0.6	0.36
23	1.1	-3.9	1.12
24	1.1	-10.6	0
25	-7.8	-22.2	0
26	-3.9	-10	0
27	-1.7	-5.6	0.36
28	-1.1	-6.1	0.18
29	-1.7	-16.1	0
30	-5	-12.2	0
31	-6.7	-18.9	0
32	-1.7	-14.4	0
33	-2.2	-10.6	0.05
34	-7.2	-14.4	0
35	-6.1	-17.8	0.03
36	-6.7	-17.8	0
37	-0.6	-13.3	0
38	2.2	-9.4	0
39	1.1	-4.4	0.81
40	-2.2	-12.8	0.33
41	-5.6	-21.1	0
42	-4.4	-16.1	0.08
43	-2.2	-13.9	0
44	1.1	-5.6	0
45	2.8	-4.4	0
46	3.9	-11.7	0
47	4.4	-9.4	0
48	6.7	-8.3	0
49	7.2	-8.9	0
50	3.9	-7.8	0
51	6.1	-9.4	0
52	5	-6.7	0
53	3.9	-3.3	0.61
54	-0.6	-11.7	0.2
55	-2.2	-9.4	0
56	-1.7	-12.8	0
57	0	-10.6	0
58	2.8	-12.8	0
59	1.7	-11.7	0
60	-1.7	-12.2	0
61	-2.2	-23.3	0
62	-1.7	-20	0
63	-2.8	-13.3	0
64	-6.1	-21.1	0
65	-4.4	-22.2	0
66	-3.9	-16.1	0
67	-1.7	-16.1	0
68	-1.7	-7.2	0
69	-1.7	-12.2	0
70	0	-11.1	0
71	0.6	-11.7	0
72	3.3	-5.6	0
73	3.3	-5	0.15
74	-0.6	-11.7	0.25
75	-1.7	-18.3	0
76	1.1	-15.6	0
77	-2.2	-17.2	0
78	-1.7	-16.7	0
79	-2.2	-16.1	0
80	-1.1	-13.3	0
81	3.9	-10.6	0
82	4.4	-9.4	0
83	3.3	-7.2	0
84	3.3	-3.9	0
85	5.6	-2.2	0
86	6.1	-0.6	0
87	7.8	-1.7	0
88	11.7	1.7	0
89	10.6	-3.3	0
90	8.3	-6.1	0
91	10	0	0
92	18.3	1.1	0
93	16.7	0	0
94	13.3	-1.7	0
95	14.4	3.3	0
96	15	1.7	0
97	18.9	2.8	0
98	15.6	2.8	0
99	8.9	1.1	0.2
100	8.9	1.1	0
101	15.6	3.3	0
102	19.4	-0.6	0
103	18.9	3.9	0
104	20.6	2.2	0
105	21.1	2.2	0
106	19.4	7.2	0
107	18.9	1.7	0
108	21.1	2.2	0
109	20	3.9	0
110	14.4	-2.8	0.03
111	15	2.8	0.08
112	15	-2.8	0
113	21.7	3.3	0
114	18.3	1.7	0
115	12.8	1.7	0.84
116	8.3	-2.2	0.18
117	11.1	-1.7	0
118	13.3	3.3	0.33
119	14.4	-0.6	0
120	22.2	2.2	0
121	19.4	7.2	0.2
122	16.7	1.7	0
123	20	5.6	0
124	16.7	5.6	0.84
125	12.8	1.7	0
126	12.8	0.6	0.05
127	9.4	-2.8	0
128	11.7	0	0
129	16.7	0.6	0
130	16.1	3.9	0
131	6.1	-3.9	0
132	6.7	-2.8	0
133	11.7	-3.3	0
134	10	-1.1	0
135	8.9	-1.1	0.05
136	5.6	0	1.96
137	10.6	0	0
138	12.8	1.1	0
139	17.2	1.1	0
140	18.9	2.8	0
141	20	5.6	0
142	19.4	6.1	0
143	17.8	8.3	0
144	19.4	2.2	0
145	21.1	6.1	0
146	22.2	5.6	0
147	27.2	4.4	0
148	23.3	11.7	0
149	22.2	8.9	0.33
150	16.1	8.3	0.03
151	15.6	4.4	0.36
152	12.8	5	0.74
153	11.1	-1.1	1.02
154	7.2	0	0
155	10.6	2.2	0.05
156	11.7	1.1	0
157	16.7	0.6	0
158	17.2	2.2	0
159	23.3	3.3	0
160	26.7	7.8	0.05
161	21.1	5	0
162	16.7	6.1	0
163	17.8	5.6	0.53
164	15	5	1.02
165	15.6	1.1	0.2
166	13.9	0.6	0.03
167	18.9	2.2	0
168	25	5.6	0
169	26.7	8.3	0
170	25.6	9.4	0
171	22.8	7.2	0
172	27.8	8.3	0
173	26.7	2.8	0
174	22.8	7.8	0
175	25.6	8.9	0
176	24.4	6.7	0
177	27.8	5.6	0
178	26.1	11.1	0
179	26.7	8.3	0
180	26.1	9.4	0
181	26.1	8.3	0.51
182	23.9	10	0
183	26.7	10	0
184	26.1	7.2	0.61
185	22.2	3.3	0
186	27.2	6.1	0
187	32.2	11.7	0
188	32.2	14.4	0
189	32.8	13.9	0
190	30	13.3	0
191	28.3	10.6	0
192	27.2	10.6	0
193	24.4	5.6	0
194	23.3	2.2	0
195	28.9	7.8	0
196	28.3	12.2	0
197	24.4	10	0
198	27.8	7.2	0
199	30.6	12.2	0
200	33.9	12.2	0
201	32.8	16.7	0
202	30.6	16.7	0
203	25	15.6	0.05
204	31.1	11.1	0
205	32.8	13.3	0
206	35.6	13.9	0.05
207	35	15.6	0
208	35.6	14.4	0
209	33.3	15	0
210	31.7	13.3	0
211	32.8	11.7	0
212	34.4	12.2	0
213	32.8	14.4	0.2
214	24.4	14.4	0.05
215	26.7	7.8	0
216	30.6	10	0
217	31.1	11.7	0
218	29.4	11.1	0
219	28.3	13.3	0.15
220	28.3	8.3	0
221	30.6	10	0
222	30.6	10.6	0
223	29.4	10.6	0
224	30.6	8.3	0
225	31.7	13.3	0
226	33.9	10.6	0
227	30.6	13.3	0.28
228	29.4	9.4	0
229	31.1	12.2	0
230	28.9	14.4	0
231	28.9	8.3	0
232	28.9	7.2	0
233	30	9.4	0
234	27.2	8.3	0
235	27.8	8.3	0
236	27.8	10.6	0
237	26.1	12.2	0
238	28.9	8.3	0
239	30.6	8.9	0
240	30	11.7	0
241	28.9	11.7	0
242	25	3.3	0
243	20.6	1.7	0
244	25	5	0.03
245	22.2	7.2	0.2
246	19.4	3.9	0
247	25	4.4	0
248	20.6	5.6	0
249	22.8	2.8	0
250	21.7	5.6	0
251	23.9	4.4	0
252	27.2	7.8	0
253	28.3	7.8	0
254	29.4	10	0
255	29.4	13.3	0
256	30	10	0
257	28.3	8.9	0
258	27.2	10.6	0
259	28.3	7.8	0
260	27.8	11.1	0
261	23.3	4.4	0
262	18.9	1.1	0
263	21.7	2.8	0
264	25	6.7	0
265	24.4	9.4	0
266	28.3	6.7	0
267	27.8	8.3	0
268	26.7	8.9	0
269	25	12.2	0.03
270	23.3	9.4	0.05
271	24.4	8.3	0
272	23.3	6.7	0
273	23.9	7.2	0
274	25	6.7	0
275	25.6	7.2	0
276	25	7.2	0
277	22.8	7.2	0
278	21.7	5.6	0
279	27.2	12.8	0
280	25	7.8	0
281	25	6.7	0
282	21.7	5	0
283	21.1	5.6	0
284	15.6	4.4	0.2
285	12.8	-0.6	0
286	13.9	0.6	0
287	12.8	-2.2	0
288	15.6	0	0
289	16.7	7.2	0
290	18.3	7.8	0
291	12.8	1.7	1.3
292	4.4	0.6	0.66
293	8.3	-2.2	0
294	6.1	-0.6	0.53
295	2.8	-5	0
296	5	-2.8	0
297	12.2	0	0
298	16.7	1.7	0
299	18.3	4.4	0
300	17.8	1.1	0
301	11.7	2.8	1.35
302	7.2	-1.1	0
303	5.6	-0.6	0
304	1.7	-2.8	0
305	0.6	-7.8	0
306	3.3	-7.2	0
307	5	-5	0
308	5.6	0	0
309	5.6	-2.2	0
310	2.8	-6.7	0
311	2.8	-11.1	0
312	4.4	-8.3	0
313	10	-5	0
314	8.9	-1.7	0
315	10	-2.8	0
316	14.4	-0.6	0
317	11.1	-0.6	0
318	10.6	-3.3	0
319	10	-2.8	0
320	11.1	-2.8	0
321	9.4	0.6	0
322	8.3	-1.7	0
323	12.8	4.4	0
324	11.1	2.2	0.38
325	10.6	-0.6	0
326	10.6	1.7	0
327	6.7	0	0.13
328	1.7	-2.2	0.48
329	2.8	-3.3	0
330	2.2	-8.9	0
331	-2.8	-10	0
332	-3.3	-10	0
333	-0.6	-5.6	0
334	1.1	-6.7	0
335	1.7	-3.9	0.05
336	0.6	-11.7	0
337	0	-4.4	0.03
338	4.4	-5	0
339	1.7	-3.3	0
340	4.4	-11.7	0
341	3.3	-7.2	0.03
342	-0.6	-7.8	0
343	2.8	-12.2	0
344	2.8	-12.8	0
345	3.3	-12.8	0
346	6.1	-8.9	0
347	-1.1	-11.1	0
348	1.1	-11.1	0
349	3.3	-9.4	0
350	5	-8.3	0
351	6.1	-8.3	0
352	6.1	-5.6	0
353	6.1	-2.8	0
354	5.6	-1.1	0.33
355	4.4	-1.1	0
356	4.4	-7.8	0
357	-1.7	-3.3	0.03
358	-1.1	-4.4	0.05
359	1.7	-2.8	0.56
360	0	-6.7	0
361	-1.1	-15.6	0
362	-1.7	-16.7	0
363	-3.9	-14.4	0
364	-3.9	-9.4	0
365	-4.4	-7.2	0.05
