#weather for site US Sheep Experiment Station year = 1990
#DOY Tmax(C) Tmin(C) PPT(cm)
1	-1.1	-7.8	0.15
2	-5.6	-21.1	0
3	-8.3	-16.7	0.1
4	-6.7	-13.9	0
5	-3.3	-8.3	0
6	-2.2	-6.7	0.05
7	7.2	-3.9	0.2
8	5	-6.1	0
9	10	-5.6	0
10	6.7	-3.3	0
11	8.3	-6.1	0
12	6.1	-1.7	0
13	6.1	-1.7	0.41
14	1.7	-2.8	0.61
15	0.6	-3.9	0.58
16	-1.7	-9.4	0
17	-0.6	-15	0
18	-2.2	-16.7	0
19	-6.1	-16.7	0
20	-5	-17.2	0.03
21	-1.1	-10.6	0
22	-1.1	-13.9	0.05
23	-4.4	-16.1	0
24	-3.9	-13.9	0
25	-1.7	-11.1	0
26	-8.3	-20.6	0
27	-3.9	-16.7	0
28	1.1	-11.1	0
29	3.3	-11.7	0.18
30	-3.3	-8.9	0
31	-1.1	-8.3	0.66
32	-2.8	-15	0
33	-2.2	-12.2	0
34	-1.1	-11.7	0.03
35	-2.8	-14.4	0.03
36	-2.8	-10	0.2
37	-1.1	-12.2	0
38	-2.2	-12.8	0.05
39	-1.7	-12.2	0
40	1.7	-5.6	0
41	2.8	-3.3	0
42	2.2	-5	0
43	-5	-17.8	0
44	-6.7	-18.3	0
45	-9.4	-21.7	0
46	-6.1	-17.2	0.3
47	-2.2	-9.4	0.28
48	-5.6	-20.6	0
49	-1.1	-13.9	0
50	-2.2	-16.7	0
51	-2.2	-12.8	0
52	-1.7	-8.9	0
53	2.8	-4.4	0
54	4.4	-6.7	0
55	5.6	-9.4	0
56	7.2	-7.8	0
57	4.4	-7.2	0
58	5.6	-10	0
59	8.3	-10	0
60	6.7	-8.9	0
61	4.4	-0.6	0.53
62	5	-0.6	0
63	3.9	-2.8	0.3
64	6.1	-4.4	0
65	5	-6.7	0
66	7.2	-4.4	0
67	6.1	-8.3	0
68	11.7	-3.3	0
69	10.6	-1.7	0.23
70	0	-7.8	0.2
71	-1.7	-15	0.33
72	6.1	-9.4	0
73	6.1	-5	0
74	6.1	-8.9	0
75	7.8	-3.3	0
76	12.2	-1.7	0
77	14.4	-1.1	0
78	14.4	-0.6	0
79	15	-0.6	0
80	15.6	-1.1	0
81	6.7	-8.9	0.15
82	4.4	-13.3	0
83	8.3	-9.4	0
84	13.3	-5.6	0
85	10.6	1.7	0
86	9.4	-1.1	0
87	11.7	-3.9	0
88	15.6	-2.2	0
89	16.7	-1.1	0
90	18.9	0	0
91	NA	NA	NA
92	21.7	1.1	0
93	21.1	2.2	0
94	20.6	2.8	0
95	16.7	0	0
96	16.1	-5	0
97	17.2	0.6	0
98	14.4	1.7	0.99
99	13.3	0	0.41
100	16.1	-1.1	0
101	16.1	1.7	0
102	15.6	1.1	0.03
103	18.3	-0.6	0
104	21.7	3.3	0
105	21.7	3.3	0
106	19.4	6.1	0
107	18.3	2.2	0
108	18.9	1.7	0
109	19.4	3.9	0
110	21.7	3.9	0
111	17.2	3.9	0.1
112	15	3.9	0.08
113	13.9	3.3	0.2
114	14.4	3.3	0.15
115	13.3	0	0
116	11.1	-4.4	0
117	10.6	-0.6	0
118	7.8	0.6	0.33
119	6.7	-6.7	0
120	8.9	-5	0
121	13.9	-5	0
122	14.4	-0.6	0.03
123	17.2	1.7	0.1
124	18.9	2.2	0
125	25.6	3.3	0
126	23.9	4.4	0
127	18.9	-0.6	0
128	10.6	-1.7	0
129	12.8	-5	0
130	18.3	-1.1	0
131	17.8	5.6	0.03
132	15.6	3.9	0.41
133	15	2.8	0.15
134	17.2	-0.6	0
135	14.4	-2.8	0.2
136	15.6	-1.7	0
137	18.9	0.6	0
138	20.6	6.1	0
139	17.8	1.7	0
140	16.1	2.2	0
141	20.6	2.2	0
142	21.7	7.8	0
143	22.2	6.7	0.89
144	18.9	3.3	1.27
145	8.9	-0.6	0.05
146	20	1.7	0
147	21.1	3.3	0
148	21.7	6.7	0
149	16.7	6.7	1.14
150	13.9	6.1	0.61
151	10.6	5	0.84
152	12.2	-1.1	0.03
153	21.1	0	0
154	23.3	2.8	0
155	22.8	7.8	0
156	22.2	4.4	0
157	21.1	6.1	0
158	21.7	7.2	0
159	23.9	5.6	0
160	26.7	5.6	0
161	25.6	10	1.42
162	17.8	6.1	0.23
163	15.6	0.6	0.86
164	15.6	0	0.25
165	17.2	7.2	0.3
166	18.9	2.8	0
167	15.6	3.9	0.46
168	23.3	5.6	0
169	17.2	6.7	0.91
170	22.2	6.7	0
171	23.3	8.3	0
172	25	13.3	0
173	28.9	8.3	0
174	31.1	11.7	0
175	32.2	10.6	0
176	32.2	13.9	0
177	33.3	11.7	0
178	33.3	11.7	0
179	30	9.4	0
180	32.2	12.2	0
181	35	13.3	0
182	33.3	13.9	0
183	32.8	13.9	0
184	29.4	5.6	0
185	30.6	7.2	0
186	33.3	12.2	0
187	32.8	11.7	0
188	29.4	10	0
189	31.1	11.7	0
190	27.2	13.3	0.2
191	30	8.9	0.08
192	32.8	13.9	0
193	34.4	13.9	0
194	33.3	16.7	0.53
195	31.7	12.8	0
196	32.2	14.4	0
197	32.8	13.9	0
198	32.8	13.3	0
199	31.1	13.3	0
200	30.6	12.2	0
201	26.1	11.7	0.66
202	26.7	7.8	0.05
203	27.8	10	0
204	26.7	9.4	0
205	29.4	10.6	0
206	28.9	8.9	0
207	25	7.2	0.05
208	26.7	8.9	0
209	27.8	10	0.1
210	29.4	12.2	0
211	32.2	12.8	0
212	32.8	12.8	0
213	30.6	13.3	0.03
214	30	8.9	0.1
215	29.4	12.2	0
216	31.1	13.9	0
217	31.1	11.7	0
218	33.3	12.2	0
219	35.6	13.9	0
220	36.7	14.4	0
221	34.4	15.6	0
222	32.8	15	0
223	32.2	12.8	0
224	29.4	11.7	0.84
225	31.7	10	0
226	32.2	12.8	0
227	32.8	12.2	0
228	31.1	13.3	0
229	24.4	7.8	0.1
230	26.1	8.3	0.05
231	22.8	8.9	0.13
232	22.2	10	0.36
233	24.4	6.1	0.03
234	24.4	5.6	0
235	25	6.7	0
236	23.9	8.3	0
237	21.7	5.6	0.05
238	24.4	8.9	0.23
239	27.2	7.8	0
240	29.4	9.4	0
241	31.7	11.7	0
242	31.1	13.9	0
243	26.1	5.6	0
244	30.6	8.9	0
245	27.8	11.1	0
246	29.4	10.6	1.45
247	23.9	12.2	0.2
248	23.9	12.8	1.02
249	27.2	8.9	0.13
250	29.4	11.1	0
251	28.9	11.1	0
252	28.3	10.6	0
253	28.9	11.7	0
254	30.6	8.9	0
255	32.2	10.6	0
256	31.1	11.1	0
257	32.2	8.9	0
258	31.7	12.2	0
259	29.4	6.7	0
260	25	3.3	0
261	25	6.1	0
262	23.9	10	0.08
263	21.7	5.6	0
264	22.8	2.8	0
265	25.6	6.1	0
266	26.7	5.6	0
267	24.4	7.8	0
268	24.4	6.7	0
269	22.8	7.2	0
270	25	7.2	0
271	24.4	10	0
272	23.9	5	0
273	23.9	4.4	0
274	25	5	0
275	24.4	6.1	0
276	15	-1.7	0
277	22.2	2.2	0
278	22.2	5	0
279	18.3	-0.6	0.46
280	8.3	-3.9	0
281	8.9	-5.6	0
282	11.1	-4.4	0
283	11.1	0.6	0
284	10	-5	0
285	13.3	-2.2	0
286	14.4	0	0
287	11.7	-4.4	0
288	13.9	-2.2	0
289	12.2	1.1	0.1
290	12.8	-8.3	0
291	10.6	-4.4	0
292	11.1	0	0.03
293	8.9	-7.8	0
294	7.8	-4.4	0
295	10.6	1.7	0
296	11.1	-2.8	0
297	13.9	-3.3	0
298	17.8	0	0
299	18.9	0.6	0
300	19.4	0	0
301	15.6	0.6	0
301	15.6	-0.6	0
302	17.2	1.1	0
303	13.9	1.7	0
304	11.7	-1.1	0.08
305	4.4	-6.7	0
306	3.9	-11.7	0
307	2.2	-3.9	0
308	3.3	-3.9	0.23
309	1.7	-7.2	0
310	-1.1	-15.6	0
311	0.6	-7.8	0.03
312	7.2	-5.6	0
313	10	-2.8	0
314	13.9	-2.8	0
315	15.6	-1.7	0
316	13.9	-1.1	0
317	12.2	0	0
318	10	-4.4	0
319	8.3	-7.2	0
320	8.3	-1.7	0
321	7.2	-0.6	0
322	7.2	-5	0
323	6.7	-5	1.47
324	-0.6	-12.8	0
325	3.3	-6.7	0
326	3.9	-2.2	0
327	10	-5.6	0
328	8.9	-4.4	0
329	7.8	-3.3	0
330	-2.2	-15	0
331	-1.7	-14.4	0
332	1.1	-8.9	0
333	5	-7.2	0
334	3.9	-7.2	0
335	-3.9	-13.9	0.08
336	-2.2	-14.4	0
337	1.1	-9.4	0
338	2.2	-10	0
339	-1.7	-13.9	0
340	2.2	-12.2	0
341	4.4	-10	0
342	8.3	-7.8	0
343	8.9	-4.4	0
344	3.3	-0.6	0.58
345	0.6	-16.1	0.05
346	-1.1	-12.2	0
347	-3.3	-10.6	0.18
348	-4.4	-15.6	0.03
349	-2.8	-14.4	0
350	-9.4	-16.1	0.03
351	-2.8	-13.3	0.23
352	-6.1	-24.4	0
353	-23.3	-27.8	0
354	-23.9	-31.7	0
355	-23.3	-35	0
356	-21.1	-33.3	0
357	-16.7	-28.3	0
358	-16.7	-24.4	0.08
359	-8.9	-21.1	0
360	-8.9	-17.2	0.23
361	-11.1	-21.7	0.05
362	-20	-28.9	0
363	-16.1	-29.4	0
364	-9.4	-21.1	0
365	-3.9	-16.7	0
