#weather for site US Sheep Experiment Station year = 1994
#DOY Tmax(C) Tmin(C) PPT(cm)
1	-0.6	-10.6	0
2	2.2	-4.4	0
3	3.3	-3.9	0
4	1.7	-6.1	0.13
5	0	-11.7	0
6	-6.1	-15	0
7	-2.2	-6.7	0
8	-3.3	-11.1	0.64
9	-2.8	-6.1	0
10	-0.6	-6.7	0
11	-2.8	-6.7	0
12	-2.2	-5.6	0
13	-1.7	-5	0
14	-1.1	-6.7	0
15	0	-10	0
16	-3.3	-7.8	0
17	-2.2	-6.7	0
18	1.7	-11.7	0
19	6.1	-10	0
20	6.1	-7.8	0
21	7.2	-6.7	0
22	7.2	-6.7	0
23	4.4	-1.7	0.18
24	6.7	-3.9	0
25	2.2	-10	0
26	2.8	-6.7	0
27	1.7	-7.8	0
28	0.6	-10	0
29	-0.6	-12.2	0
30	-4.4	-20	0
31	-6.1	-19.4	0
32	-4.4	-17.8	0
33	-4.4	-17.2	0
34	-1.1	-15.6	0
35	-0.6	-16.1	0
36	-0.6	-12.8	0
37	0.6	-8.9	0
38	-0.6	-17.2	0.18
39	-6.7	-12.2	0.08
40	-5	-15.6	0
41	-0.6	-7.2	0.03
42	-5	-19.4	0.03
43	-2.2	-15.6	-999.9
44	-1.1	-12.2	0
45	3.9	-8.9	0
46	6.7	-5	0
47	4.4	-4.4	0.03
48	1.7	-3.3	1.3
49	-2.2	-9.4	0.23
50	0.6	-9.4	0
51	-0.6	-7.2	0.15
52	-1.7	-7.8	0.1
53	-2.2	-11.1	0
54	0	-5	0.03
55	1.7	-8.3	0
56	2.8	-3.3	0
57	5.6	-0.6	0.38
58	1.7	-10	0
59	6.1	-2.8	0
60	8.3	-1.7	0
61	9.4	-1.7	0
62	9.4	-2.8	0
63	7.2	-2.8	0
64	8.3	-6.1	0
65	6.7	-7.8	0
66	6.7	-7.8	0
67	7.8	-6.1	0
68	10	-4.4	0
69	8.9	-1.1	0
70	13.3	-3.3	0
71	10	-2.2	0
72	15.6	-2.2	0
73	18.3	-1.1	0
74	16.7	1.1	0
75	12.2	-5	0
76	12.2	-3.9	0
77	7.8	-1.1	0.05
78	7.2	-10.6	0
79	12.2	-3.9	0
80	8.9	-1.1	0
81	2.8	-6.1	0.64
82	4.4	-11.7	0
83	9.4	-6.1	0
84	8.3	-3.3	0
85	11.1	-5.6	0
86	8.3	-3.3	0
87	11.7	-5.6	0
88	15	-6.1	0
89	17.8	-3.9	0
90	17.2	-0.6	0
91	15.6	-2.2	0
92	15	2.2	0.53
93	NA	NA	NA
94	5	-1.7	0.51
95	5	-6.1	0
96	7.2	-1.1	0.43
97	6.7	-2.2	0.53
98	7.2	-6.1	0
99	11.1	-3.3	0
100	15	1.7	0
101	16.1	0.6	0
102	17.2	-1.1	0
103	15	-1.7	0
104	11.7	0	0
105	16.7	-5.6	0
106	22.2	0.6	0
107	24.4	5	0
108	23.9	6.7	0
109	24.4	6.7	0.08
110	25	5	0
111	25.6	7.2	0
112	22.8	8.3	0
113	19.4	1.7	0.18
114	16.7	2.2	0.3
115	12.2	-0.6	0
116	8.9	-1.7	0
117	8.3	-2.8	0.03
118	7.8	-2.2	0
119	11.7	-5	0
120	12.2	-2.8	0
121	15	2.2	0.46
122	16.7	-0.6	0
123	17.2	1.7	0
124	18.3	3.3	0.08
125	20	6.7	0.18
126	24.4	6.1	0
127	24.4	7.2	0
128	22.8	4.4	0
129	26.7	5.6	0
130	27.2	7.8	0
131	27.2	9.4	0
132	26.7	8.9	0
133	23.9	7.8	0.13
134	21.1	2.8	0
135	21.1	5.6	0.25
136	17.2	4.4	0
137	11.1	0.6	1.12
138	18.3	1.1	0.03
139	18.3	5	0.03
140	15.6	1.1	0.23
141	21.1	0	0
142	22.8	1.7	0
143	22.8	6.1	0
144	24.4	7.2	0
145	26.7	8.3	0
146	27.2	9.4	0
147	26.7	7.8	0.03
148	20	5.6	0.25
149	23.3	3.3	0
150	25	5	0
151	26.1	9.4	0
152	20	9.4	0.99
153	20.6	4.4	0
154	26.7	8.3	0
155	25.6	6.7	0.76
156	26.1	7.2	0
157	22.2	10	0
158	18.3	6.1	0.89
159	15.6	1.1	0.33
160	20	2.2	0
161	23.9	4.4	0
162	26.7	8.3	0
163	27.8	8.9	0.2
164	25	15.6	0
165	21.7	4.4	0.05
166	18.9	0.6	0
167	20	3.3	0
168	23.3	2.2	0
169	28.3	8.3	0
170	30.6	8.9	0
171	33.3	8.9	0
172	32.2	14.4	0.18
173	28.9	9.4	0
174	30	11.1	0
175	32.2	8.3	0
176	32.2	15.6	0
177	25.6	15.6	0
178	25.6	5	0
179	31.1	6.7	0
180	32.2	11.1	0
181	33.3	11.1	0
182	31.7	12.8	0
183	30.6	10	0
184	27.8	9.4	0
185	25.6	7.2	0
186	27.2	6.7	0.05
187	20.6	2.2	0.18
188	25	5.6	0.08
189	29.4	8.3	0
190	32.2	10	0
191	28.9	13.3	0
192	30	7.8	0
193	29.4	12.8	0
194	30	11.1	0
195	28.3	10.6	0
196	31.1	10.6	0
197	31.1	10.6	0
198	32.2	12.8	0
199	33.3	12.2	0
200	33.9	12.2	0
201	30	10	0
202	32.8	11.1	0
203	34.4	14.4	0
204	29.4	16.7	0
205	31.7	11.7	0.46
206	33.3	13.3	0.28
207	32.8	15	0
208	33.3	12.8	0
209	32.8	13.9	0
210	34.4	12.2	0
211	32.2	11.1	0
212	31.7	11.1	0
213	31.7	12.2	1.27
214	28.9	12.8	0.28
215	32.8	13.3	0
216	34.4	15	0
217	35	13.9	0
218	31.7	10.6	0
219	32.2	12.8	0
220	31.7	13.3	0
221	30.6	14.4	0
222	31.7	10	0
223	30.6	12.8	0.43
224	29.4	10	0
225	30.6	9.4	0.38
226	33.3	12.2	0
227	33.3	12.8	0
228	32.2	12.8	0
229	31.1	10	0
230	31.1	9.4	0
231	31.1	12.8	0
232	31.7	12.2	0
233	30.6	10.6	0.05
234	26.1	9.4	0
235	26.7	5	0
236	31.7	9.4	0
237	30.6	8.9	0
238	31.7	8.9	0
239	28.3	12.2	0
240	30	8.9	0
241	30	8.9	0
242	28.3	8.9	0
243	26.7	7.8	0
244	28.3	8.3	0
245	28.3	8.9	0
246	29.4	13.3	0
247	23.9	3.9	0
248	24.4	3.3	0
249	28.3	6.1	0
250	29.4	8.9	0
251	31.1	8.9	0
252	28.9	13.3	0
253	25	3.9	0
254	24.4	6.1	0
255	25	10	0
256	25	11.1	0
257	23.9	4.4	0.1
258	20	2.2	0.18
259	22.8	4.4	0
260	25.6	5.6	0
261	25.6	7.8	0
262	27.2	9.4	0
263	26.1	8.9	0
264	24.4	6.7	0
265	23.3	3.3	0
266	27.8	5.6	0
267	28.3	6.7	0
268	29.4	7.8	0
269	27.8	7.8	0
270	25.6	6.7	0
271	26.7	5.6	0
272	26.1	10.6	1.52
273	18.3	7.8	0.15
274	15	7.8	0.74
275	12.2	1.1	0.89
276	7.8	-1.7	0.05
277	11.1	-1.7	0.15
278	10.6	3.9	0.79
279	13.9	5	0.61
280	17.8	1.1	0.05
281	16.7	-0.6	0
282	17.2	1.1	0
283	18.9	3.3	0
284	15	3.9	0.28
285	15	-1.1	0
286	17.8	3.3	0
287	16.1	3.3	0.3
288	7.2	0	0.79
289	6.1	1.7	0
290	10	-1.1	0
291	11.1	1.7	0.05
292	11.7	-0.6	0.03
293	13.3	0	0
294	10.6	0.6	0
295	11.1	-5	0
296	13.9	-2.8	0
297	15	-1.7	0
298	15	-2.8	0
299	11.7	-1.1	0
300	15.6	2.8	0
301	15	2.8	0.05
302	8.9	-3.9	0
303	5.6	-5.6	0
303	5.6	-8.3	0
304	10	2.2	0.05
305	3.9	-8.9	0
306	3.3	-11.1	0
307	1.1	-11.7	0
308	0.6	-5	0.3
309	1.1	-1.7	1.14
310	4.4	-1.1	0
311	2.2	-11.1	0
312	1.1	-9.4	0.51
313	7.2	0	0.3
314	8.3	-3.3	0
315	4.4	0	0.41
316	1.1	-5.6	0.33
317	0.6	-15.6	0
318	-0.6	-11.7	0
319	0.6	-6.1	0.03
320	-1.7	-11.1	0.3
321	-5	-12.8	0
322	-6.7	-17.2	0
323	-7.2	-10.6	0.05
324	-5	-14.4	0
325	-7.2	-16.1	0
326	-2.2	-16.1	0
327	-0.6	-11.1	0
328	3.3	-5	0.13
329	-1.1	-8.3	0.3
330	-4.4	-16.7	0.03
331	-7.8	-16.7	0.03
332	-5	-17.8	0.28
333	0	-5.6	0.1
334	1.7	-1.1	0.15
335	1.7	-1.1	0.03
336	1.1	-2.2	0.81
337	-2.2	-6.1	0.81
338	-0.6	-6.7	0.25
339	0	-3.3	0.1
340	-1.7	-16.1	0
341	-10	-20	0.03
342	-7.8	-15.6	0
343	-5.6	-20	0.03
344	-5.6	-15.6	0
345	-1.7	-14.4	0.08
346	-1.7	-6.7	0.28
347	-6.1	-13.9	0.05
348	-5.6	-9.4	0.33
349	-1.7	-9.4	0.05
350	1.7	-5.6	0
351	1.7	-5.6	0.05
352	-0.6	-13.3	0.28
353	0.6	-11.1	0
354	2.2	-7.8	0
355	3.3	-11.7	0
356	3.9	-7.8	0
357	3.3	-3.9	0.03
358	4.4	0	0.46
359	1.1	-2.8	0.03
360	1.7	-2.2	0.15
361	2.2	-0.6	0.13
362	0.6	-10.6	0.08
363	-7.2	-16.7	0
364	-8.3	-16.1	0
365	-8.9	-23.3	0
