#weather for site US Sheep Experiment Station year = 1963
#DOY Tmax(C) Tmin(C) PPT(cm)
1	3.3	-7.2	0
2	3.3	-3.9	0
3	4.4	-2.8	0
4	0.6	-8.9	0
5	-0.6	-8.3	0
6	-3.3	-13.3	0
7	-3.9	-10.6	0
8	0	-7.8	0
9	-4.4	-23.9	0
10	-22.8	-30	0
11	-19.4	-32.8	0
12	-13.9	-28.3	0.1
13	-15	-22.2	0.08
14	-10	-18.3	0.03
15	-5.6	-17.2	0
16	-5.6	-9.4	0.03
17	-7.2	-22.2	0
18	-17.2	-28.3	0
19	-12.8	-22.8	0
20	-5	-16.7	0
21	-5.6	-15.6	0
22	-6.7	-21.1	0
23	-6.1	-16.1	0
24	-5	-17.2	0.08
25	-8.3	-23.9	0
26	-6.7	-18.3	0
27	-5.6	-12.2	0
28	-7.8	-21.1	0
29	-5	-13.9	0
30	0.6	-7.8	0.41
31	7.2	0	0.43
32	4.4	-2.8	0
33	4.4	0	0
34	10	2.8	0
35	12.2	1.7	0
36	14.4	1.1	0
37	11.7	0	0
38	12.2	-2.2	0
39	11.1	-2.8	0
40	5.6	-1.7	0
41	1.7	-8.9	0
42	0.6	-13.3	0
43	1.7	-12.2	0
44	5	-6.1	0
45	2.8	-9.4	0
46	0.6	-7.2	0
47	2.8	-2.8	0.53
48	1.1	-5.6	0
49	1.1	-8.3	0
50	6.1	-6.1	0
51	6.1	-7.8	0
52	4.4	-7.8	0
53	7.2	-6.1	0
54	8.9	-5	0
55	8.9	-3.9	0
56	8.9	-1.1	0.05
57	3.9	-4.4	0
58	2.8	-5	0
59	5.6	-5	0
60	1.7	-5.6	0
61	2.2	-7.2	0
62	2.2	-9.4	0
63	2.2	-10	0
64	2.2	-12.8	0
65	5	-9.4	0
66	6.7	-7.2	0
67	7.8	-8.3	0
68	7.8	-5	0
69	6.1	-4.4	0.03
70	0.6	-7.2	0
71	1.7	-12.8	0
72	5.6	-8.9	0
73	3.9	-3.3	0.23
74	1.7	-8.9	0.13
75	3.3	-7.8	0
76	7.2	-6.1	0
77	6.7	-5	0
78	10.6	-3.9	0
79	14.4	-2.2	0
80	16.1	0	0
81	14.4	1.7	0
82	9.4	-1.1	0.15
83	10	-6.7	0
84	14.4	-2.2	0
85	15	-2.2	0
86	10.6	1.1	0.46
87	9.4	-1.7	0
88	11.1	-2.8	0
89	12.2	-2.8	0
90	6.1	-1.7	0.05
91	2.8	-3.9	0
92	7.8	-9.4	0
93	10	-1.1	0
94	10.6	-2.2	0
95	10	2.8	0.48
96	7.2	0.6	0.3
97	8.9	-1.1	0
98	7.2	-4.4	0
99	8.3	-3.3	0
100	7.8	-2.8	0
101	13.9	-1.7	0
102	20	0.6	0
103	21.7	2.8	0
104	15.6	0.6	0
105	3.9	-8.3	0.23
106	7.8	-8.3	0
107	7.2	-4.4	1.52
108	4.4	-5.6	0
109	4.4	-5.6	0.46
110	1.7	-3.9	0.13
111	2.8	-6.7	0.08
112	6.7	-2.2	0
113	10	-3.3	0
114	16.1	-1.1	0
115	17.2	3.3	0
116	8.9	0	1.5
117	13.3	0	0
118	NA	NA	NA
119	15.6	1.7	0
120	18.3	2.8	0
121	16.7	6.1	0
122	12.8	-0.6	0
123	16.1	3.9	0
124	17.2	3.3	0.38
125	21.1	3.9	0
126	22.2	5.6	0
127	19.4	7.2	0
128	16.7	6.7	0
129	12.8	4.4	0.81
130	10.6	0	0.94
131	9.4	2.2	0.2
132	12.8	2.2	0
133	14.4	1.1	0.48
134	18.3	5	0
135	17.2	2.8	0.25
136	17.2	2.8	0.3
137	19.4	3.3	0
138	21.1	6.1	0
139	21.1	3.3	0
140	20	5.6	0
141	21.1	5.6	0
142	23.9	8.3	0
143	21.7	6.7	0
144	16.1	9.4	0.61
145	18.3	9.4	0.58
146	18.9	2.2	0
147	21.7	5.6	0
148	22.2	6.7	0
149	23.9	7.2	0
150	22.2	8.3	0
151	21.7	6.1	0.28
152	18.3	6.1	1.22
153	18.9	7.2	0
154	18.3	5.6	0.1
155	12.8	6.7	1.07
156	11.7	5	0.56
157	16.7	7.2	0
158	17.8	4.4	0
159	13.3	5.6	1.32
160	12.2	5	0.58
161	12.8	6.7	0.2
162	19.4	6.7	0.05
163	22.8	7.2	0
164	25.6	8.3	0
165	22.8	5.6	0.53
166	21.7	10.6	0.15
167	23.9	8.3	0
168	23.3	10.6	0
169	25.6	7.2	0
170	25	10	0
171	23.9	11.1	0
172	21.1	8.3	0.18
173	15.6	3.3	0.53
174	21.7	5.6	0
175	13.3	5.6	0.71
176	19.4	2.8	0
177	23.3	5.6	0
178	27.8	8.3	0
179	26.7	10	0
180	27.2	5.6	0
181	21.7	0.6	0
182	29.4	6.1	0
183	31.1	13.9	0
184	31.7	10.6	0
185	30.6	12.2	0
186	30.6	10	0
187	30.6	10.6	0
188	32.8	12.2	0
189	30.6	16.1	0
190	30	12.8	0.18
191	28.9	11.1	0
192	24.4	7.2	0
193	26.1	9.4	0
194	28.3	11.7	0
195	27.8	11.7	0.66
196	27.8	9.4	0
197	25.6	11.1	0
198	30	9.4	0
199	27.8	7.8	0
200	28.9	8.3	0
201	32.2	12.2	0
202	33.3	11.7	0
203	33.9	15	0
204	32.8	11.1	0
205	33.3	15.6	0
206	32.2	11.1	0
207	25.6	9.4	1.07
208	25.6	6.7	0
209	28.9	8.3	0
210	28.3	13.9	0
211	29.4	7.8	0
212	32.2	8.9	0
213	31.1	11.1	0
214	28.3	10	0
215	30	10.6	0
216	28.9	11.1	0.2
217	31.1	9.4	0
218	33.9	12.8	0
219	31.1	15	0
220	32.2	12.2	0
221	31.7	15	0
222	28.9	12.2	0.25
223	30	12.2	0
224	28.3	15.6	0
225	31.1	10	0.2
226	34.4	14.4	0
227	32.8	12.8	0
228	NA	NA	NA
229	NA	NA	NA
230	NA	NA	NA
231	NA	NA	NA
232	27.2	8.3	0
233	25.6	6.7	0
234	27.8	10	0
235	27.8	8.9	0
236	27.8	11.7	0
237	27.2	9.4	0
238	27.2	6.7	0
239	27.8	8.3	0
240	27.2	11.1	0
241	28.9	11.7	0
242	27.8	14.4	0
243	26.1	11.7	-999.9
244	18.9	10	0
245	21.1	6.7	0
246	22.8	5.6	0.3
247	26.7	7.8	0
248	29.4	10.6	0
249	28.3	12.8	0
250	23.9	12.2	0
251	25.6	13.3	0.25
252	27.8	8.9	0.41
253	27.2	10	0.28
254	29.4	8.9	0
255	30	11.7	0
256	27.2	7.8	0.36
257	19.4	4.4	0
258	20.6	8.3	0.2
259	19.4	8.3	0.2
260	17.2	6.7	0.1
261	16.1	7.8	0
262	20.6	10	0.86
263	23.3	9.4	0
264	21.7	10	1.35
265	20	10	0
266	18.9	9.4	0.91
267	19.4	4.4	0
268	23.3	5	0
269	25.6	6.7	0
270	26.1	7.8	0
271	26.7	6.7	0
272	26.1	8.3	0
273	25.6	8.3	0
274	25	8.3	0
275	23.9	6.7	0
276	22.8	7.2	0
277	23.9	7.2	0
278	19.4	9.4	0.41
279	21.1	7.8	0
280	21.7	3.9	0
281	22.8	7.2	0
282	22.2	10	0.03
283	19.4	2.8	0
284	23.3	6.7	0
285	21.7	5.6	0
286	19.4	2.2	0
287	15.6	6.1	0
288	19.4	2.8	0
289	22.2	4.4	0
290	21.1	4.4	0
291	18.3	4.4	0
292	17.8	5	0
293	15	4.4	0
294	12.8	1.1	0
295	18.9	3.9	0
296	16.7	1.7	0.08
297	9.4	-5.6	0
298	15	-0.6	0
299	11.7	-1.7	0
300	13.9	-1.7	0
300	8.9	-6.7	0
301	11.7	4.4	0
302	6.1	0.6	0.43
303	3.9	-4.4	0
304	9.4	-3.9	0
305	7.2	-4.4	0
306	7.2	-0.6	0.1
307	5	0.6	0.25
308	4.4	-5	0
309	5	1.1	0.64
310	6.1	-2.8	0
311	2.8	-1.1	0.41
312	6.7	1.1	0
313	7.2	1.1	0
314	8.3	-0.6	0
315	12.2	0.6	0
316	12.2	0	0
317	12.8	2.2	0
318	10.6	0	0.36
319	1.7	-9.4	0.61
320	-0.6	-7.8	0
321	0.6	-5	0
322	3.9	-6.1	0
323	1.1	-2.2	0.89
324	-0.6	-5.6	0.69
325	-5	-8.9	0
326	-2.8	-6.1	0.28
327	0.6	-3.9	0
328	-2.2	-8.3	0
329	-1.7	-4.4	0.08
330	-0.6	-2.2	0
331	-1.1	-10	0
332	0.6	-12.8	0
333	1.1	-10	0
334	0.6	-11.1	0
335	0.6	-12.2	0
336	-0.6	-11.7	0
337	-2.2	-11.7	0
338	-1.7	-13.9	0
339	-3.3	-10	0.08
340	-2.2	-12.8	0
341	-6.1	-15.6	0.1
342	-2.2	-9.4	0.25
343	-9.4	-14.4	0
344	-12.2	-21.1	0
345	-12.8	-20.6	0.1
346	-12.2	-23.9	0
347	-6.1	-17.2	0
348	-5.6	-11.7	0.38
349	-1.1	-7.2	0
350	-1.1	-3.9	0
351	1.1	-5	0
352	0.6	-5	0
353	-9999	-9999	0
354	-1.1	-5.6	0
355	-5.6	-9.4	0.03
356	-3.3	-11.7	0
357	1.1	-10	0
358	-2.8	-11.1	0
359	-2.8	-13.9	0.08
360	-2.2	-7.8	0
361	-5	-8.3	0
362	-6.1	-16.7	0
363	-4.4	-12.8	0
364	-1.7	-10	0
365	-0.6	-8.3	0
