#weather for site US Sheep Experiment Station year = 1974
#DOY Tmax(C) Tmin(C) PPT(cm)
1	-12.2	-23.3	0
2	-14.4	-21.1	0
3	-13.3	-21.7	0.13
4	-13.9	-22.8	0
5	-10	-23.9	0
6	NA	NA	NA
7	-10.6	-19.4	0
8	-12.8	-22.8	0
9	-10.6	-21.7	0
10	-10.6	-22.2	0
11	-13.3	-25	0
12	-6.7	-17.8	0.05
13	0.6	-7.8	0.1
14	1.7	-5	0
15	3.3	-2.8	0
16	6.1	1.1	0
17	3.9	-0.6	0
18	0.6	-5.6	0.2
19	1.7	-2.2	0.33
20	0.6	-5.6	0
21	-2.2	-10.6	0
22	-1.7	-13.9	0
23	-3.3	-12.2	0
24	-2.8	-6.7	0
25	0.6	-3.9	0.13
26	-0.6	-7.8	0.03
27	-5	-14.4	0
28	-3.9	-9.4	0
29	-1.1	-10	0
30	2.2	-8.9	0
31	0.6	-7.8	0
32	3.3	-6.7	0
33	-1.1	-12.2	0
34	-1.7	-8.3	0
35	-1.1	-7.8	0
36	0	-7.8	0
37	-1.7	-15	0
38	-5.6	-15.6	0.08
39	-6.1	-15	0
40	-3.9	-12.2	0
41	0.6	-9.4	0
42	-1.7	-12.2	0
43	-1.1	-9.4	0
44	-0.6	-11.7	0
45	-2.8	-11.7	0
46	-0.6	-6.1	0
47	1.7	-6.1	0
48	0.6	-6.1	0
49	-3.9	-9.4	0
50	2.2	-5	0.2
51	0	-10.6	0
52	-1.1	-15	0
53	-2.2	-11.1	0.13
54	-3.9	-15.6	0
55	-6.7	-16.7	0
56	-0.6	-13.9	0
57	0	-8.9	0
58	0.6	-12.8	0
59	2.8	-6.7	0
60	3.9	0	0.13
61	4.4	-2.8	1.4
62	0	-10	0
63	-5	-16.1	0
64	0.6	-6.7	0
65	1.7	-3.9	0
66	1.1	-3.3	0.69
67	1.1	-2.8	0.28
68	0.6	-8.3	0
69	5	-11.1	0
70	1.1	-10.6	0
71	3.9	-2.8	0.05
72	3.3	-3.3	0
73	2.8	-11.7	0
74	6.7	-7.2	0
75	4.4	-0.6	0
76	6.7	0.6	0
77	7.2	-3.9	0
78	3.3	-7.2	0
79	-3.3	-18.9	0
80	-1.1	-14.4	0
81	-1.1	-11.7	0
82	-0.6	-12.8	0
83	-0.6	-10.6	0
84	4.4	-6.1	0
85	3.3	0.6	0
86	6.1	0	1.96
87	6.1	1.1	0
88	5.6	-6.1	0
89	9.4	0.6	0.41
90	8.3	-2.2	0
91	5	-5	0.3
92	4.4	-4.4	0
93	5	-5	0
94	5	-7.2	0
95	7.2	-2.8	0
96	7.8	0.6	0
97	8.3	-4.4	0
98	8.3	-2.8	0
99	16.1	3.3	0
100	10.6	1.7	0
101	11.7	2.2	0
102	7.8	-2.8	0
103	7.2	-1.7	0
104	11.7	-4.4	0
105	12.8	-3.9	0
106	13.9	-2.8	0
107	16.1	-1.1	0
108	19.4	1.1	0
109	17.2	0.6	0
110	13.3	3.3	0.13
111	10.6	-1.7	0
112	17.2	-1.7	0
113	21.1	5	0
114	22.2	3.3	0
115	21.1	1.7	0
116	17.8	0	0
117	9.4	-1.1	0
118	10.6	-0.6	0
119	15.6	-0.6	0
120	17.8	-0.6	0
121	17.8	3.3	0
122	16.7	1.7	0
123	15.6	-2.8	0
124	19.4	2.8	0
125	21.7	5	0
126	21.7	3.3	0
127	18.9	4.4	0
128	21.7	5.6	0
129	21.1	7.8	0
130	18.3	3.9	0
131	16.1	-3.3	0
132	17.2	8.3	0
133	13.3	-5.6	0
134	12.8	-3.3	0
135	10.6	-2.2	0
136	10.6	-1.1	0
137	17.2	3.3	0
138	15	1.7	0
139	14.4	4.4	0
140	6.1	0	0.91
141	12.2	0	0
142	16.7	-1.1	0
143	20.6	1.7	0
144	22.8	4.4	0
145	22.2	6.7	0
146	25.6	7.2	0
147	25	11.7	0
148	25	7.2	0
149	21.1	5	0.05
150	13.9	0	0.18
151	17.2	0	0
152	20.6	2.8	0
153	24.4	5	0
154	25	6.1	0
155	23.9	6.7	0
156	17.2	6.7	0.05
157	15.6	3.9	0
158	15	2.2	0.03
159	17.2	5	0
160	20.6	1.7	0
161	25	7.8	0
162	26.7	7.8	0
163	29.4	9.4	0
164	32.2	10.6	0
165	32.2	12.8	0
166	33.9	14.4	0
167	33.9	16.7	0
168	32.8	13.3	0
169	32.8	12.8	0
170	32.8	14.4	0
171	31.1	11.7	0
172	25	8.3	0
173	28.3	10.6	0
174	32.2	13.9	0
175	32.2	13.9	0
176	32.8	13.9	0
177	32.2	10	0
178	29.4	5.6	0
179	30	10	0
180	28.9	11.7	0
181	30.6	12.2	0
182	30	17.2	0.41
183	22.2	10.6	0
184	23.3	3.3	0
185	30.6	8.3	0
186	30.6	12.2	0
187	30.6	13.3	0.18
188	28.3	11.7	0
189	28.9	12.8	0
190	29.4	11.7	0
191	28.3	6.7	0
192	24.4	8.9	0
193	27.2	5.6	0
194	32.8	10	0
195	35.6	16.7	0
196	35.6	17.8	0
197	30.6	11.1	0
198	30.6	10.6	0
199	30.6	12.2	0
200	33.3	13.9	0
201	31.7	14.4	0
202	31.7	14.4	0
203	33.9	13.9	0
204	33.3	12.2	0
205	30	13.9	0
206	31.1	11.1	0
207	31.7	11.1	0
208	31.7	13.9	0
209	31.1	15	0
210	32.2	11.7	0
211	30	15	0.1
212	29.4	15	0
213	30.6	15	0
214	27.8	15.6	0
215	22.8	13.3	1.12
216	27.2	11.1	0.1
217	30.6	11.7	0
218	31.1	14.4	0
219	27.8	10	0.69
220	19.4	3.3	0
221	18.9	7.2	1.17
222	22.2	5	0
223	26.7	8.9	0
224	28.9	10	0
225	25	8.9	0
226	23.3	8.9	0
227	23.9	5	0
228	28.9	7.8	0
229	29.4	8.3	0
230	30	10	0
231	30.6	11.7	0
232	20.6	3.3	0
233	21.7	2.8	0
234	26.7	6.1	0
235	28.9	9.4	0
236	28.9	11.1	0
237	30	10	0
238	29.4	10.6	0
239	31.1	13.3	0
240	30.6	13.3	0
241	29.4	11.1	0
242	28.3	12.8	0
243	27.8	10.6	0
244	25	8.3	0
245	21.1	2.2	0
246	26.7	4.4	0
247	30	10	0
248	28.9	10.6	0
249	26.1	7.2	0
250	28.9	6.1	0
251	29.4	12.8	0
252	28.3	10	0
253	24.4	8.3	0
254	20.6	5	0
255	14.4	0	0
256	19.4	1.1	0
257	21.1	3.3	0
258	25	5	0
259	26.1	7.2	0
260	26.1	7.8	0
261	26.7	8.3	0
262	26.1	10	0
263	22.2	8.3	0
264	23.9	6.1	0
265	24.4	6.1	0
266	25	6.1	0
267	26.1	8.3	0
268	26.1	4.4	0
269	24.4	4.4	0
270	22.8	2.2	0
271	20	-0.6	0
272	21.1	0.6	0
273	21.7	3.3	0
274	22.2	4.4	0
275	25	5	0
276	24.4	9.4	0
277	11.1	2.2	0
278	10	-1.7	0
279	12.8	-6.1	0
280	16.7	-2.2	0
281	19.4	-0.6	0
282	18.9	2.2	0.74
283	11.7	4.4	0.25
284	15.6	4.4	0
285	15.6	0	0
286	15.6	0	0
287	14.4	0.6	0
288	15.6	0.6	0
289	18.9	2.2	0
290	20	3.3	0
291	22.2	2.8	0
292	21.1	2.8	0
293	20	3.3	0
294	18.3	-1.1	2.46
295	5	-3.9	0.53
296	10.6	-0.6	0.03
297	12.2	-0.6	0
298	15	1.7	0
299	15	0.6	0
300	14.4	1.1	0
300	14.4	2.8	0
301	13.9	5	0
302	10.6	4.4	0.08
303	7.8	0.6	0
304	5	1.1	0.1
305	7.2	-0.6	0
306	6.1	-2.2	0
307	3.3	-7.2	0
308	5	-3.3	0
309	4.4	-2.8	0
310	8.3	-1.7	0
311	6.1	-0.6	0.53
312	4.4	-2.8	0
313	5	-1.1	0
314	3.3	-6.1	0
315	6.1	-3.3	0
316	10	-2.8	0
317	3.3	-3.3	0
318	6.7	-5	0
319	1.7	-0.6	0
320	7.2	-3.3	0
321	6.1	-0.6	0
322	3.9	-7.8	0
323	6.7	-2.8	0
324	8.3	0	0
325	5.6	0	0
326	0	-12.2	0.43
327	2.2	-3.9	0
328	6.7	-2.8	0
329	1.1	-10	0
330	1.1	-7.2	0
331	3.3	-5	0.08
332	-2.8	-13.9	0
333	2.2	-10.6	0
334	4.4	-10	0
335	6.7	-7.8	0
336	4.4	-6.1	0
337	2.8	0	0.76
338	3.9	-3.3	0.74
339	-1.7	-3.9	0
340	1.7	-6.1	0
341	-0.6	-13.9	0
342	-2.8	-15	0
343	-1.1	-12.2	0
344	-3.3	-10	0
345	-3.9	-13.3	0
346	0	-6.1	0.58
347	-2.8	-16.7	0.03
348	-3.9	-12.8	0
349	-2.2	-8.3	0
350	0	-5	0
351	-2.8	-12.8	0
352	-6.7	-15.6	0
353	-2.8	-11.1	0.2
354	2.8	-7.2	0
355	0.6	-18.3	0
356	-7.8	-16.1	0
357	-7.2	-20	0
358	-9.4	-12.8	0.23
359	-5.6	-18.9	0
360	-5	-14.4	0
361	-2.8	-6.7	0.38
362	-4.4	-18.9	0
363	-7.2	-20	0
364	-12.2	-22.8	0
365	-7.2	-23.9	0
