#weather for site US Sheep Experiment Station year = 1938
#DOY Tmax(C) Tmin(C) PPT(cm)
1	3.3	-7.8	0
2	1.7	-5.6	0
3	1.7	-12.8	0
4	-1.7	-13.9	0
5	-5.6	-10.6	0
6	-4.4	-10.6	0.03
7	-5.6	-13.3	0
8	-6.7	-11.1	0.05
9	-4.4	-6.7	0
10	0	-10.6	0
11	-1.7	-12.8	0.08
12	-0.6	-13.3	0.08
13	3.3	-8.3	0
14	4.4	-5.6	0
15	2.8	-1.7	0.05
16	0.6	-6.1	0.43
17	-1.1	-9.4	0
18	-5	-12.8	0.15
19	-3.9	-12.8	0
20	-2.8	-13.9	0.51
21	1.1	-3.3	0.28
22	2.2	-14.4	0.08
23	-6.7	-17.8	0
24	-7.2	-18.9	0
25	-4.4	-16.7	0
26	1.1	-13.9	0
27	2.8	-10.6	0
28	1.7	-13.9	0
29	-4.4	-20.6	0
30	-0.6	-11.1	0
31	-0.6	-2.2	1.27
32	0	-8.3	0.05
33	2.8	-6.7	0.36
34	-1.1	-6.7	0.1
35	-1.7	-12.2	0.25
36	0	-13.9	0
37	2.2	-9.4	0
38	1.1	-7.2	0
39	1.1	-3.3	0.38
40	2.8	-1.1	0.48
41	3.9	-2.2	0
42	5.6	-5	0.1
43	0	-9.4	0
44	-2.2	-7.8	0.38
45	-2.2	-16.1	0
46	-8.9	-20	0
47	-6.7	-20	0
48	-5.6	-18.9	0
49	-1.7	-11.7	0.2
50	-2.8	-13.3	0
51	-1.7	-12.8	0.05
52	0.6	-12.2	0
53	1.1	-10.6	0
54	0.6	-8.3	0
55	5	-10.6	0
56	4.4	-10.6	0
57	7.2	-8.3	0
58	4.4	-8.3	0
59	2.8	-1.7	0.33
60	2.8	-6.1	0.18
61	2.2	-1.1	1.02
62	1.1	-4.4	0
63	2.2	-8.3	0
64	1.7	-5	0
65	2.2	-3.9	0.1
66	3.9	-8.3	0
67	0.6	-10.6	0
68	1.7	-7.2	0
69	2.8	-6.7	0
70	2.8	0	0.48
71	3.3	0	1.47
72	3.3	-2.2	0.08
73	1.7	-2.2	0
74	5.6	0.6	0.08
75	5	-4.4	0.79
76	0	-11.7	0
77	5.6	-1.7	0
78	2.2	-5	1.57
79	-2.2	-8.9	0
80	-5	-17.8	0
81	2.8	-5.6	0.05
82	3.9	-1.1	0.43
83	2.2	-11.7	0
84	1.1	-6.7	0
85	2.8	-8.9	0
86	2.2	-6.1	0
87	-2.8	-10.6	0.05
88	-3.9	-10.6	0
89	-1.7	-9.4	0
90	0	-10	0
91	-0.6	-13.3	0
92	2.2	-7.8	0
93	2.8	-4.4	0.18
94	3.3	-3.3	0
95	2.8	-2.8	0
96	5.6	-4.4	0
97	5.6	-6.1	0
98	7.8	-1.7	0
99	6.7	-1.1	0
100	7.8	-4.4	0
101	10.6	0	0
102	7.8	1.7	0.38
103	11.7	2.8	0
104	12.8	-0.6	0
105	13.9	-0.6	0
106	11.1	0.6	0
107	20	3.9	0
108	12.8	-0.6	0
109	13.9	-2.8	0
110	17.2	-2.2	0
111	12.8	3.3	0.41
112	13.9	0.6	0
113	16.7	1.7	0
114	15.6	5.6	0.13
115	11.7	2.8	0.13
116	13.3	2.2	0.25
117	18.9	0	0
118	22.8	4.4	0
119	23.9	7.2	0
120	10	3.3	1.27
121	9.4	1.7	0.05
122	12.2	1.1	0
123	11.1	-1.1	0
124	5.6	-2.8	0
125	8.9	-2.8	0
126	9.4	2.2	0
127	11.7	0	0
128	15.6	1.1	0
129	17.2	2.8	0
130	13.9	5	0
131	16.7	2.8	0
132	19.4	5	0
133	20	2.2	0
134	18.9	6.1	0
135	15.6	9.4	0.2
136	9.4	4.4	0.58
137	6.1	-2.2	0.3
138	9.4	-1.7	0
139	14.4	1.1	0
140	17.2	1.7	0
141	20.6	5	0
142	20	6.7	0
143	21.7	6.7	0
144	22.8	4.4	0
145	24.4	6.1	0
146	24.4	11.1	0.03
147	23.3	6.7	0.15
148	18.3	5	0.13
149	18.3	4.4	0
150	18.3	5	0
151	22.8	4.4	0.03
152	21.7	10.6	0
153	23.9	6.7	0
154	25.6	8.9	0
155	27.8	8.9	0
156	25.6	11.1	0
157	24.4	7.8	0
158	23.3	6.7	0
159	18.9	2.2	0
160	18.3	2.8	0
161	24.4	5.6	0.18
162	25.6	8.3	0
163	18.9	6.1	0
164	20.6	8.3	0.1
165	23.3	5.6	0
166	23.9	5.6	0.08
167	25	8.3	0.25
168	16.7	5	0.03
169	23.3	2.2	0
170	28.3	11.7	0
171	27.2	15.6	0.05
172	25.6	9.4	0.74
173	20.6	11.1	0.61
174	20.6	9.4	0.15
175	25.6	9.4	0.13
176	27.8	8.3	0.05
177	23.9	13.3	0
178	28.3	11.1	0.71
179	23.9	12.8	0.05
180	21.1	11.7	0.28
181	22.2	10.6	0.36
182	16.1	9.4	1.57
183	12.8	7.8	0.36
184	15.6	5.6	0.25
185	15	7.8	0.2
186	18.3	7.2	0.3
187	23.3	6.7	0.2
188	27.2	8.3	0
189	27.8	7.8	0
190	30.6	13.9	0
191	29.4	10.6	0
192	28.9	12.8	0
193	30.6	15	0
194	30	14.4	0
195	21.7	13.3	0.51
196	22.8	13.9	0.86
197	27.2	11.1	0.25
198	29.4	11.7	0
199	28.9	14.4	0
200	29.4	13.9	0
201	29.4	12.8	0
202	30.6	10.6	0
203	28.9	12.8	0
204	29.4	11.1	0
205	23.9	12.8	0
206	28.3	8.9	0
207	28.3	10.6	0.33
208	25.6	11.7	0.28
209	30	11.7	0.18
210	33.3	12.2	0
211	33.3	15	0
212	32.2	12.2	0
213	26.1	7.8	0
214	25	6.1	0
215	28.9	6.1	0
216	31.1	10	0
217	29.4	13.3	0
218	30	10	0
219	28.3	11.1	0
220	27.8	11.7	0
221	29.4	10.6	0
222	32.8	10.6	0.05
223	31.7	11.7	0
224	30	10.6	0
225	18.3	5	0.28
226	21.1	4.4	0
227	23.9	5	0
228	28.9	5	0
229	24.4	11.1	0
230	21.7	6.7	0
231	23.9	7.2	0
232	30.6	5	0
233	27.2	11.7	0.51
234	27.2	11.7	0
235	29.4	12.8	0
236	29.4	12.2	0.61
237	26.1	11.1	0
238	27.8	10.6	0
239	29.4	11.7	0
240	26.1	11.7	0.15
241	28.9	8.3	0.05
242	21.7	12.8	0.15
243	26.7	12.2	0
244	27.2	12.8	0
245	27.8	12.8	0
246	28.3	11.1	0.03
247	23.9	11.7	0
248	22.8	8.9	0
249	25	6.1	0
250	21.1	8.3	0
251	18.3	5	0.13
252	20.6	8.9	0
253	21.7	7.2	0
254	21.7	5.6	0
255	24.4	5	0
256	26.7	8.9	0
257	27.8	10.6	0
258	27.2	11.7	0
259	28.9	8.9	0
260	27.8	9.4	0
261	27.2	7.2	0
262	26.7	9.4	0
263	27.8	10	0
264	27.2	8.3	0
265	26.7	8.9	0
266	27.2	9.4	0
267	25	8.9	0
268	25.6	8.3	0
269	26.1	7.2	0
270	28.9	8.9	0
271	26.1	12.2	0
272	23.9	8.9	0
273	22.8	8.3	0
274	21.1	8.3	0.28
275	17.2	6.1	0.03
276	21.1	3.9	0
277	16.1	7.8	0.1
278	12.2	4.4	0.43
279	18.3	3.9	0
280	12.8	7.2	0.2
281	7.2	3.9	3.48
282	8.9	2.2	0
283	13.3	3.9	0
284	13.9	0.6	0
285	18.3	1.7	0
286	13.3	3.3	0
287	9.4	2.8	1.5
288	6.1	0.6	0.38
289	8.3	-1.1	0.61
290	7.2	-3.9	0
291	12.2	-3.3	0
292	14.4	-0.6	0
293	16.1	-1.7	0
294	16.7	-1.1	0
295	15	-0.6	0
296	13.3	-1.7	0
297	13.9	-1.7	0
298	15.6	0	0
299	14.4	0	0
300	16.7	2.2	0
301	12.8	2.2	0
302	7.2	2.8	1.5
303	6.7	2.8	0.81
304	3.3	0	0.76
305	4.4	-1.1	0
306	0.6	-6.1	0.15
307	6.1	-2.2	0
308	-0.6	-7.2	0
309	0	-10.6	0
310	0	-8.9	0
311	3.3	-7.2	0
312	-0.6	-3.3	0
313	-0.6	-10	0.23
314	-3.3	-11.1	0
315	-7.2	-16.7	0
316	-2.2	-12.8	0
317	-1.7	-6.1	0
318	2.2	-4.4	0
319	2.2	-3.3	0
320	2.8	-3.9	0
321	-1.1	-9.4	0
322	2.8	-7.8	0
323	3.9	-5.6	0
324	-1.7	-12.2	0
325	-5.6	-15.6	0
326	-7.2	-17.8	0
327	-5	-13.3	0
328	0.6	-12.8	0
329	0.6	-13.3	0
330	3.3	-11.1	0
331	5	-11.1	0
332	8.3	-6.7	0
333	2.2	-7.8	0
334	3.3	-2.8	0
335	0	-7.8	0.1
336	1.1	-3.3	0
337	0	-8.3	0
338	2.8	-3.3	0
339	1.1	-5.6	0
340	1.1	-3.3	0
341	2.2	-4.4	0
342	2.2	-3.3	0
343	-0.6	-6.7	0
344	-3.9	-11.1	0
345	-5	-15.6	0
346	-4.4	-15.6	0
347	1.7	-13.9	0
348	-1.1	-6.1	0
349	1.7	-8.9	0
350	-2.2	-10.6	0
351	1.7	-5.6	0
352	2.2	-6.7	0
353	2.8	-7.8	0
354	-2.2	-5.6	0
355	-3.3	-12.2	0
356	-5	-7.8	0.05
357	-3.9	-6.1	0
358	-0.6	-5	0
359	-4.4	-17.8	0
360	-5	-14.4	0
361	0	-11.1	0
362	-2.2	-10.6	0
363	-3.3	-9.4	0
364	0	-5	0
365	2.2	-5.6	0
