#weather for site US Sheep Experiment Station year = 1947
#DOY Tmax(C) Tmin(C) PPT(cm)
1	-11.7	-20	0
2	-7.2	-22.2	0
3	-7.8	-18.3	0
4	-9.4	-17.8	0
5	-5	-14.4	0
6	-7.2	-10	0.03
7	-1.1	-13.9	0
8	1.7	-10.6	0
9	-2.8	-11.1	0
10	-3.9	-8.9	0.38
11	-6.7	-11.7	0.13
12	-7.8	-19.4	0.08
13	-8.3	-18.9	0.03
14	-16.1	-26.7	0
15	-13.3	-22.2	0
16	-6.7	-17.2	0
17	-4.4	-17.2	0
18	-7.8	-15	0
19	-5	-18.3	0
20	-3.9	-12.2	0
21	0	-11.1	0
22	-2.8	-7.2	0
23	1.7	-5.6	0.03
24	1.1	-6.1	0
25	3.9	-3.3	0
26	-2.2	-17.8	0
27	-7.2	-17.8	0
28	-4.4	-12.8	0
29	-4.4	-16.7	0.08
30	-5	-20	0
31	-3.3	-13.9	0.13
32	2.8	-7.2	0
33	1.1	-10.6	0
34	0	-11.1	0
35	1.1	-7.2	0
36	-0.6	-11.7	0
37	-2.8	-11.1	0
38	-8.3	-16.1	0
39	-3.9	-16.1	0
40	2.2	-13.3	0
41	0	-6.7	0
42	1.1	-2.8	0.25
43	3.3	0	0.18
44	4.4	-2.2	0
45	3.9	0	0
46	4.4	-1.7	0
47	3.3	-3.3	0
48	3.9	-7.2	0
49	2.8	-7.8	0
50	2.2	-10	0
51	1.1	-7.2	0
52	3.3	-5	0
53	7.2	-1.1	0
54	3.9	-1.7	0
55	1.1	-13.3	0
56	-5.6	-16.1	0
57	-4.4	-15.6	0
58	-4.4	-13.9	0
59	-3.3	-16.7	0
60	-1.7	-8.3	0.05
61	4.4	-7.2	0
62	5	-3.9	0
63	1.1	-6.1	0
64	-1.1	-10.6	0.03
65	0	-8.3	0
66	1.1	-3.3	0.15
67	3.3	-7.8	0
68	7.2	-0.6	0.08
69	4.4	-1.7	0
70	6.1	-6.1	0
71	8.3	-3.9	0
72	8.3	0.6	0
73	12.8	2.2	0
74	13.3	0	0
75	14.4	-0.6	0
76	13.9	-1.1	0
77	11.7	1.1	0
78	12.8	-1.1	0
79	13.9	-1.7	0
80	13.3	2.2	0
81	10	-1.7	0
82	5	-3.9	0
83	9.4	-6.7	0
84	9.4	-2.8	0
85	8.9	-6.7	0
86	13.9	-4.4	0
87	14.4	-1.1	0
88	12.8	1.1	0.61
89	9.4	-2.2	0
90	9.4	-4.4	0
91	8.3	0	1.98
92	5	-2.8	0.03
93	3.9	-5	0.13
94	2.8	-6.1	0
95	1.1	-6.1	0.53
96	5	-8.3	0.13
97	4.4	-6.1	0
98	9.4	-6.1	0
99	9.4	-2.8	0
100	9.4	-2.8	0
101	14.4	-2.8	0
102	19.4	-2.8	0
103	21.1	0.6	0
104	18.3	0	0
105	14.4	-5.6	0
106	18.9	-1.1	0
107	15.6	2.2	0
108	15	-3.3	0
109	12.8	5	0
110	7.8	1.7	0.18
111	8.3	0.6	0
112	11.1	-4.4	0
113	12.2	0	0
114	13.9	0	0
115	17.8	-1.1	0
116	20.6	-1.1	0
117	20	2.8	0
118	18.9	2.2	0
119	16.1	2.8	0
120	21.7	2.2	0
121	28.3	7.2	0
122	28.3	8.3	0
123	27.8	5.6	0
124	26.1	6.1	0
125	26.7	7.8	0
126	28.3	7.8	0
127	27.8	7.8	0
128	24.4	6.1	0
129	12.8	4.4	0
130	12.8	5.6	1.32
131	13.9	5	0.05
132	13.9	2.8	0.36
133	15.6	3.3	0
134	19.4	3.3	0
135	20.6	5.6	0
136	20	5.6	0
137	17.8	6.7	0
138	17.8	3.3	0
139	20.6	3.9	0
140	21.1	2.8	0
141	18.9	2.8	0
142	18.3	2.2	0
143	23.9	4.4	0
144	23.3	7.2	0
145	26.1	6.7	0
146	25.6	7.2	0
147	12.8	0.6	0.08
148	18.9	-1.1	0
149	20.6	3.9	0
150	18.9	8.3	0.91
151	17.8	6.7	0.18
152	16.7	6.1	0.53
153	15.6	5.6	0.08
154	20.6	2.8	0.41
155	17.2	3.3	0
156	18.9	6.7	0.05
157	22.2	4.4	0
158	16.7	7.8	1.17
159	13.9	4.4	0.89
160	13.3	3.3	0.23
161	14.4	2.2	1.02
162	20	6.7	0
163	21.1	5	0
164	21.7	7.2	0
165	22.8	4.4	0
166	25	10	0
167	22.8	11.7	0
168	23.3	7.2	0
169	27.2	8.3	0
170	25	6.7	1.24
171	15.6	7.2	0
172	18.9	3.3	0
173	22.8	7.8	0
174	23.9	9.4	0
175	27.2	7.2	0
176	23.3	9.4	0
177	21.7	9.4	0
178	17.8	3.3	0
179	16.1	2.2	0.08
180	22.2	1.1	0
181	27.2	4.4	0
182	32.2	10.6	0
183	31.7	11.1	0
184	28.9	10.6	0
185	30	8.9	0
186	32.8	10	0
187	31.7	14.4	0
188	30.6	13.3	0.28
189	30	8.9	0.08
190	30	9.4	0
191	28.9	11.7	0
192	30.6	7.2	0
193	32.8	11.7	0
194	32.2	10	0
195	32.2	15	0
196	28.9	12.8	0.25
197	29.4	12.8	0.03
198	31.7	12.8	0
199	32.8	11.7	0
200	31.7	15.6	0
201	32.2	13.9	0.48
202	30.6	12.2	0
203	30	10	0.08
204	30	10.6	0.3
205	30.6	10.6	0
206	31.7	10.6	0
207	32.8	12.8	0
208	32.2	13.9	0
209	32.8	7.8	0
210	31.7	16.1	0
211	33.9	16.1	0.08
212	33.3	15.6	0
213	31.7	12.2	0
214	30.6	13.9	0
215	29.4	13.3	0
216	29.4	11.7	0
217	32.8	13.3	0
218	33.3	15.6	0
219	32.2	14.4	0
220	27.8	14.4	0
221	26.1	11.1	0
222	25	4.4	0
223	25	11.7	0
224	25.6	7.2	0
225	28.9	6.7	0
226	31.1	8.3	0
227	30	10	0
228	28.9	8.3	0
229	30.6	9.4	0
230	31.7	11.7	0
231	28.9	15	0
232	26.7	13.3	0.25
233	22.2	8.3	0
234	20.6	0.6	0
235	26.1	5	0
236	29.4	6.7	0
237	30	8.9	0
238	29.4	9.4	0
239	-9999	-9999	0
240	30	12.8	0
241	28.9	7.2	0.23
242	27.8	6.1	0
243	30	8.9	0
244	32.2	18.9	0
245	30.6	11.7	0.25
246	28.9	7.8	0
247	31.1	8.9	0
248	28.9	12.2	0
249	27.2	9.4	0
250	18.3	0.6	0
251	19.4	7.2	0
252	18.3	6.1	0
253	20	1.1	0
254	25.6	3.3	0
255	26.1	3.9	0
256	17.8	-2.2	0
257	23.3	0	0
258	26.1	7.2	0
259	22.2	6.7	0.89
260	10.6	2.2	2.26
261	12.8	0	0
262	16.1	-1.1	0
263	23.9	2.8	0
264	24.4	5.6	0
265	24.4	5.6	0
266	26.1	8.3	0
267	25.6	7.2	0
268	21.1	10	0.64
269	19.4	4.4	0
270	21.7	6.7	0
271	21.7	10.6	0
272	19.4	4.4	0
273	17.2	3.9	0
274	15	5.6	0
275	20.6	7.8	0
276	22.8	6.1	0
277	22.8	8.9	0
278	19.4	8.9	0.38
279	22.2	4.4	0
280	18.3	5	0.03
281	17.2	0	0
282	14.4	5.6	0.18
283	11.7	8.3	0.1
284	16.7	2.2	0
285	17.8	1.1	0
286	17.2	3.9	0
287	16.7	2.8	0
288	13.3	5.6	0.46
289	11.7	0.6	0
290	16.1	1.1	0
291	21.1	13.3	0
292	22.2	6.7	0
293	17.2	3.3	0.28
294	11.7	5	0
295	8.3	-2.2	0
296	8.3	-5	0
297	10.6	-4.4	0
298	12.8	-1.7	0
299	15.6	0	0
300	15	2.8	0
301	9.4	3.3	0.38
302	7.8	1.7	0
303	12.2	-0.6	0
304	17.8	1.1	0
305	9.4	-2.2	0.05
306	5	-2.2	0.15
307	-0.6	-5	0.05
308	1.7	-5	0.05
309	-2.2	-11.1	0.13
310	4.4	-10.6	0
311	3.3	-2.8	0
312	2.2	-3.9	0
313	-1.1	-10	0.03
314	2.2	-7.2	0
315	0	-8.9	0
316	-1.7	-7.8	0.05
317	-3.3	-8.9	0.64
318	-1.1	-8.9	0.3
319	1.7	-3.9	0.05
320	-2.2	-5.6	0
321	1.7	-8.9	0.13
322	-2.2	-10.6	0
323	-2.2	-12.8	0
324	-5.6	-13.3	0
325	-6.7	-17.8	0
326	-5.6	-10.6	0
327	-4.4	-8.3	0.18
328	-2.2	-6.1	0
329	-0.6	-3.9	0
330	1.1	-10	0
331	5	-9.4	0
332	7.2	-7.2	0
333	1.1	-2.8	0.38
334	1.7	-0.6	0.18
335	0.6	-6.1	0
336	-0.6	-8.9	0
337	1.1	-2.8	0.08
338	2.8	-5	0
339	-0.6	-4.4	0
340	-3.9	-10.6	0
341	1.1	-11.1	0.05
342	-6.1	-8.9	0.05
343	-6.7	-8.9	0.08
344	-5.6	-11.7	0.05
345	-8.3	-17.8	0
346	-6.1	-10	0
347	-1.7	-11.7	0
348	-6.1	-12.8	0
349	-6.7	-15.6	0
350	-3.3	-8.3	0
351	-0.6	-3.9	0.08
352	0.6	-3.9	0
353	3.9	-4.4	0
354	0	-7.2	0
355	-0.6	-10.6	0
356	-2.8	-4.4	0
357	1.7	-8.9	0
358	1.7	-11.7	0
359	2.8	-5.6	0
360	5.6	-6.1	0
361	-0.6	-7.2	0.1
362	-1.7	-12.8	0.08
363	-6.1	-20	0
364	-12.2	-25	0
365	-7.8	-13.9	0
