#weather for site US Sheep Experiment Station year = 1975
#DOY Tmax(C) Tmin(C) PPT(cm)
1	-11.1	-20.6	0
2	-8.3	-21.1	0
3	-6.1	-16.1	0.25
4	-7.8	-16.1	0.28
5	-3.9	-12.2	0.18
6	-5.6	-13.3	0
7	-1.1	-8.9	0.56
8	-6.7	-17.8	0
9	-9.4	-15.6	0
10	-12.2	-20.6	0
11	-12.8	-26.1	0
12	-4.4	-13.9	0
13	-2.8	-13.3	0
14	0	-11.7	0
15	0	-11.1	0
16	-3.3	-6.7	0
17	5.6	-5.6	0
18	0	-12.2	0
19	-2.2	-7.2	0.05
20	-2.2	-12.2	0
21	-4.4	-14.4	0
22	-3.3	-8.9	0
23	-2.8	-12.2	0
24	-1.1	-5	0
25	-1.7	-6.7	0.15
26	-6.1	-16.7	0
27	-11.1	-25	0
28	-9.4	-20.6	0.05
29	-12.2	-24.4	0
30	-7.8	-21.1	0.03
31	-1.7	-11.7	0.13
32	0.6	-5.6	0.03
33	0	-5.6	0.28
34	-3.9	-16.1	0.15
35	-7.2	-19.4	0.05
36	-7.8	-20.6	0
37	-2.8	-11.7	0
38	-5.6	-15.6	0
39	-0.6	-13.9	0.3
40	1.1	-6.7	0.08
41	-1.1	-11.7	0
42	0	-8.3	0.18
43	0.6	-1.1	0.3
44	1.7	-3.3	0
45	-1.1	-10	0
46	-3.9	-10.6	0.03
47	-5.6	-12.2	0
48	-3.9	-18.3	0
49	-6.1	-15	0
50	-2.8	-7.8	0.48
51	-5	-17.2	0
52	-10.6	-22.2	0
53	-1.7	-20	0
54	NA	NA	NA
55	1.1	-13.3	0
56	-2.2	-18.3	0
57	-1.7	-18.9	0
58	-2.2	-13.3	0
59	2.8	-8.9	0
60	5.6	-3.3	0
61	4.4	-1.7	0
62	2.2	-6.7	0
63	2.8	-3.9	0
64	3.9	-7.2	0
65	2.2	-6.1	0
66	2.2	-8.9	0
67	1.7	0	0
68	2.8	-2.8	0
69	1.7	-2.2	0
70	1.7	-5	0
71	-0.6	-14.4	0
72	3.3	-10	0
73	3.3	-11.1	0
74	0.6	-9.4	0
75	1.1	-2.8	0
76	1.1	-13.3	0.43
77	0.6	-3.9	0.2
78	3.3	-2.2	0
79	5	-2.8	0
80	1.1	-11.1	0
81	5	-3.3	0.69
82	1.7	-13.9	0
83	-0.6	-12.2	0
84	0.6	-2.8	1.04
85	0.6	-12.2	0.38
86	-8.3	-15.6	0
87	-4.4	-16.7	0
88	-2.2	-17.2	0
89	1.7	-9.4	0
90	-0.6	-7.8	0
91	-1.1	-13.9	0
92	-1.7	-16.1	0
93	2.8	-3.9	0.2
94	1.7	-5.6	0
95	2.8	-7.2	0.25
96	6.7	-1.7	0.69
97	2.8	-6.1	0
98	-1.7	-7.2	0.2
99	-1.1	-10	0
100	-1.1	-6.7	0.05
101	0	-7.2	0
102	8.3	-6.1	0
103	5.6	-5	0
104	7.2	-1.7	0
105	5.6	0	0.97
106	5	-0.6	0.69
107	5.6	-5	0
108	7.2	-6.1	0
109	5	-6.1	0
110	5.6	-2.2	0.13
111	5.6	-3.3	0
112	7.2	1.7	0.18
113	7.8	0.6	0
114	7.2	-4.4	0
115	9.4	0	1.17
116	4.4	-3.9	0.76
117	3.9	-3.3	0.48
118	4.4	-6.7	0
119	3.9	-2.2	0
120	5	-5.6	0
121	7.8	-1.7	0
122	15	-4.4	0
123	13.9	2.8	0
124	13.9	-1.1	0.15
125	2.2	-3.3	0.3
126	5.6	-1.7	0
127	9.4	1.1	0
128	8.9	-0.6	0.56
129	10	1.1	0
130	15.6	-0.6	0
131	17.8	4.4	0
132	13.9	1.7	1.22
133	19.4	1.1	0
134	23.9	3.9	0
135	24.4	5.6	0
136	23.9	6.7	0
137	20	5	0
138	20.6	2.8	0
139	20.6	1.7	0.18
140	7.2	-1.1	0.46
141	8.3	1.1	0.43
142	7.8	2.2	0.28
143	13.9	2.8	0.18
144	13.9	1.7	0
145	9.4	-3.3	0
146	14.4	-5.6	0
147	15	-1.7	0
148	15.6	5	0
149	20	2.2	0
150	20	4.4	0
151	20.6	4.4	0
152	21.7	4.4	0
153	23.3	6.1	0
154	22.8	6.7	0
155	20	5	0
156	23.9	5	0
157	27.2	7.2	0
158	27.2	10.6	0
159	17.8	5	0
160	15	3.9	0
161	18.9	1.7	0
162	21.7	3.9	0
163	25.6	5.6	0
164	25.6	8.9	0
165	23.9	5	0
166	26.7	7.2	0
167	23.9	6.7	0
168	17.8	4.4	0.03
169	11.1	5.6	2.24
170	13.3	3.9	0.13
171	15	6.1	0.43
172	15	7.2	0.41
173	20	6.7	1.24
174	21.1	7.8	0
175	23.9	9.4	0.56
176	21.7	4.4	0
177	17.2	3.3	0
178	18.3	5	0
179	20.6	0	0
180	23.9	6.7	0
181	27.2	11.1	0
182	27.2	10.6	0
183	30.6	10	0
184	30.6	16.7	0
185	30	13.3	0
186	31.1	15.6	0
187	31.7	13.9	0
188	32.2	16.7	0
189	31.7	15.6	0.58
190	32.8	13.3	0
191	31.1	15	0
192	31.1	14.4	0
193	30.6	14.4	0
194	29.4	16.1	0
195	29.4	11.7	0.18
196	31.1	13.3	0.05
197	30.6	12.2	0
198	26.7	11.1	0.58
199	26.1	7.8	0
200	28.3	14.4	0
201	30.6	12.2	0
202	30.6	11.7	0.05
203	29.4	11.7	0
204	29.4	11.1	0
205	30.6	13.9	0
206	31.7	15.6	0
207	32.8	16.1	0
208	33.3	12.8	0
209	33.9	15.6	0
210	33.3	15.6	0
211	19.4	11.1	0.61
212	18.3	6.7	0.28
213	20.6	3.3	0.2
214	25	5.6	0
215	28.9	8.3	0
216	31.1	10	0
217	33.3	12.2	0
218	32.8	11.1	0
219	31.7	14.4	0
220	26.7	5.6	0
221	28.9	10	0
222	29.4	11.1	0
223	31.1	13.3	0
224	30	12.8	0
225	28.9	11.7	0
226	28.9	10.6	0.48
227	22.8	10	0
228	23.3	10	0.13
229	22.2	10	0.18
230	25.6	11.1	0
231	26.7	11.1	0
232	24.4	7.2	0
233	23.3	12.2	0
234	24.4	8.9	0
235	23.3	11.7	0
236	17.8	6.1	0
237	19.4	2.8	0
238	26.1	5	0
239	28.9	11.1	0
240	28.9	11.1	0
241	23.3	2.2	0
242	26.7	5.6	0
243	25.6	6.7	0
244	23.9	8.9	0
245	21.1	1.7	0
246	23.3	2.8	0
247	25.6	7.8	0
248	26.1	6.1	0
249	28.3	7.2	0
250	28.3	8.9	0
251	28.9	10.6	0
252	28.9	9.4	0
253	27.8	11.7	0
254	25.6	8.9	0
255	26.1	7.8	0
256	26.7	7.8	0
257	26.7	8.9	0
258	26.7	8.9	0
259	25.6	9.4	1.91
260	20	8.9	0
261	14.4	0.6	0
262	16.1	-0.6	0
263	17.8	3.3	0
264	22.8	4.4	0
265	22.8	5	0
266	23.9	4.4	0
267	25	5	0
268	24.4	5	0
269	22.8	8.3	0
270	20	1.7	0
271	21.7	3.3	0
272	19.4	6.7	0
273	18.9	2.8	0
274	22.2	3.3	0
275	23.3	3.9	0
276	23.3	6.7	0
277	21.7	10.6	0
278	21.1	4.4	0
279	23.9	8.3	0
280	23.3	2.8	0
281	9.4	-1.1	0.33
282	12.2	-1.7	0
283	13.9	3.3	0
284	13.3	5.6	0
285	7.8	2.8	0.15
286	6.7	0	0.41
287	11.7	0.6	0
288	10.6	1.1	0
289	12.2	-1.7	0
290	16.1	1.1	0
291	17.2	3.3	0
292	18.3	1.1	0
293	13.9	2.8	0
294	18.9	3.3	0
295	16.1	-0.6	1.19
296	0.6	-6.1	0
297	-0.6	-10	0
298	-2.2	-7.2	0
299	1.7	-6.7	0
299	2.8	-2.8	0.66
300	4.4	-4.4	0
301	10	-3.9	0
302	11.1	-0.6	0
303	11.1	-1.7	0
304	6.7	-3.9	0
305	8.3	-1.1	0
306	11.7	0	0
307	15.6	0.6	0
308	16.7	0.6	0
309	12.2	0	0
310	10	-1.1	0
311	4.4	-4.4	0
312	-1.7	-8.9	0
313	-1.1	-5	0.53
314	0.6	-12.8	0
315	0.6	-12.8	0
316	7.8	-9.4	0
317	8.3	-5.6	0
318	9.4	-3.9	0
319	6.7	1.1	0
320	3.3	-2.8	0.08
321	-0.6	-5.6	0
322	-1.1	-7.8	0
323	-2.2	-13.3	0
324	-2.2	-12.8	0
325	-3.9	-8.9	0
326	0.6	-5.6	0
327	-1.7	-3.9	0
328	-0.6	-12.2	0
329	-5.6	-12.8	0.76
330	-5	-8.9	0
331	-7.2	-12.2	0.23
332	-9.4	-22.8	0
333	-12.2	-23.3	0
334	0	-12.8	0.1
335	1.7	-1.7	0
336	5.6	-2.8	0
337	5.6	-3.3	0
338	3.9	-3.3	0
339	1.1	-2.8	0
340	1.1	0	0.08
341	1.7	0.6	0.05
342	3.3	0	0
343	1.7	-1.1	0
344	1.1	-1.7	0
345	1.1	-2.8	0.43
346	-2.8	-9.4	0.38
347	-7.8	-15.6	0
348	-5.6	-12.8	0
349	-6.1	-14.4	0
350	-2.2	-16.7	0
351	-0.6	-13.3	0
352	0	-12.2	0
353	2.2	-11.1	0
354	5	-10	0
355	2.2	-10	0
356	-2.2	-10	0
357	-3.3	-6.7	0
358	-3.3	-7.8	0
359	-1.7	-4.4	0.15
360	-0.6	-8.9	0.13
361	-3.3	-16.1	0
362	-5	-9.4	0
363	-2.2	-8.9	0.64
364	-8.3	-15	0
365	-7.2	-13.3	0
