#weather for site US Sheep Experiment Station year = 1929
#DOY Tmax(C) Tmin(C) PPT(cm)
1	0.6	-11.7	0
2	-0.6	-11.7	0.46
3	0.6	-16.1	0
4	-7.8	-25	0
5	0	-16.1	0
6	1.7	-21.1	0
7	-0.6	-19.4	0
8	-3.3	-22.2	0
9	-5.6	-20.6	0.05
10	-2.2	-15.6	0.03
11	2.2	-18.9	0
12	-0.6	-18.3	0
13	-1.7	-18.9	0
14	-1.7	-17.2	0
15	0.6	-12.8	0
16	-5	-16.1	0.23
17	-4.4	-17.2	0
18	-5.6	-25.6	0
19	-3.3	-28.3	0
20	-6.7	-25.6	0
21	-1.7	-24.4	0
22	-11.1	-30	0
23	-11.7	-28.9	0
24	-6.7	-20.6	0
25	-3.3	-16.7	0
26	0	-11.7	0.18
27	-3.9	-21.1	0
28	0.6	-17.2	0.2
29	-5.6	-24.4	0
30	0	-22.2	0
31	4.4	-9.4	0.38
32	4.4	-5	1.32
33	2.2	-10	0
34	4.4	-9.4	0.25
35	2.8	-12.8	0
36	-5	-25	0
37	-8.3	-28.9	0
38	-8.3	-25.6	0
39	-4.4	-30	0
40	-3.3	-29.4	0
41	-5	-24.4	-999.9
42	-5.6	-23.3	0
43	-5	-22.2	0.3
44	-2.8	-21.1	0
45	-3.9	-23.3	0
46	-2.2	-18.9	0
47	-1.7	-22.2	0
48	0	-17.2	0
49	-3.3	-21.1	0
50	-3.3	-22.2	0.05
51	0.6	-17.2	0
52	2.8	-17.8	0
53	3.9	-17.8	0
54	2.2	-17.2	0
55	1.7	-17.2	0.13
56	-3.9	-15	0
57	-2.8	-16.7	0
58	0	-20	0
59	0.6	-19.4	0
60	3.9	-18.3	0
61	3.3	-13.3	0
62	5.6	-11.7	0
63	6.1	-7.2	0
64	5	-13.9	0
65	7.2	-10	0
66	6.7	-8.9	0
67	8.9	-8.9	0
68	7.2	-3.3	0
69	6.7	-7.2	0.91
70	5.6	-10.6	0
71	0	-12.2	0.25
72	8.9	-10	0.03
73	5.6	-15.6	0
74	5	-15	0
75	5.6	-12.8	0
76	7.2	-13.9	0
77	4.4	-12.2	0
78	2.8	-11.1	0
79	10	-7.8	0.86
80	6.7	-13.9	0
81	3.3	-11.7	0
82	2.8	-15	0.1
83	5	-13.3	0.05
84	5.6	-13.9	0
85	9.4	-9.4	0
86	11.7	-7.2	0
87	7.2	-9.4	0
88	4.4	-14.4	0
89	6.1	-16.1	0
90	8.9	-14.4	0
91	15	-9.4	0
92	14.4	-6.1	0
93	13.3	-2.2	0
94	7.8	-6.7	1.24
95	5.6	-11.1	0.1
96	0	-24.4	0
97	-0.6	-9.4	0
98	1.7	-9.4	0.25
99	2.8	-15	0
100	2.8	-10.6	0.15
101	4.4	-17.2	0
102	5.6	-9.4	0
103	5.6	-6.7	0
104	NA	NA	NA
105	11.1	-5	0
106	2.8	-2.8	0
107	10	-5.6	0
108	4.4	-3.9	1.52
109	2.8	-3.9	0.94
110	5	-5	0.08
111	10	-6.1	0
112	7.8	-2.8	0
113	8.3	-4.4	0
114	11.1	-5	0
115	11.7	-5.6	0.46
116	17.8	-6.7	0
117	20.6	-3.9	0
118	16.1	0	0
119	12.8	-6.1	0
120	15.6	-9.4	0
121	14.4	-5.6	0
122	13.3	-5	0
123	12.2	-6.7	0
124	8.3	-6.7	0.94
125	12.2	-5.6	0
126	11.1	-4.4	0.36
127	15	-6.7	0
128	18.3	-1.1	0
129	12.2	-7.8	0
130	19.4	-5.6	0
131	22.2	-2.8	0
132	24.4	-1.7	0
133	NA	NA	NA
134	21.1	-7.2	0
135	24.4	-3.9	0
136	NA	NA	NA
137	22.2	-2.2	0
138	24.4	0	0
139	27.8	0	0
140	27.8	5.6	0
141	28.3	1.1	0
142	27.8	2.8	0
143	27.8	6.7	0
144	15	-1.1	0
145	6.7	-4.4	0
146	13.9	-3.9	0.05
147	18.3	-6.7	0
148	21.1	-3.3	0
149	25.6	-1.1	0
150	27.2	6.1	0
151	23.3	-1.1	0
152	11.1	-4.4	0.43
153	-9999	-9999	0
154	23.3	-5.6	0
155	25.6	8.9	0
156	26.1	1.1	0
157	26.7	2.2	0
158	26.7	2.2	0
159	22.8	2.8	0
160	22.2	-0.6	0
161	18.3	0.6	0.33
162	23.3	0.6	0.2
163	26.7	1.1	0
164	28.3	1.1	0
165	28.9	2.2	0
166	26.1	2.2	1.3
167	15.6	-2.2	0.94
168	18.9	-2.2	0.2
169	20	-5.6	0
170	25.6	-2.8	0
171	26.7	3.9	0
172	23.9	1.7	0
173	25	3.3	0
174	27.2	2.2	0
175	31.1	3.3	0
176	29.4	8.3	0
177	29.4	5.6	0
178	33.9	3.3	0
179	35	9.4	0
180	-9999	-9999	0
181	33.3	8.3	0
182	32.2	6.7	0
183	33.3	7.8	0
184	-9999	-9999	0
185	-9999	-9999	0
186	29.4	5.6	0
187	18.3	2.8	0
188	26.1	-1.1	0
189	28.3	-0.6	0
190	31.1	4.4	0
191	31.1	7.8	0
192	34.4	6.7	0
193	32.8	12.8	0
194	34.4	7.8	0
195	33.9	7.8	0
196	33.9	7.2	0
197	35.6	8.3	0
198	28.9	11.1	0.53
199	30	9.4	1.85
200	31.7	8.3	0
201	32.2	2.8	0
202	33.9	4.4	0
203	33.3	7.2	0
204	36.7	8.3	0
205	36.7	10	0
206	32.8	10	0
207	-9999	-9999	0
208	32.2	0.6	0
209	34.4	6.7	0
210	34.4	8.3	0
211	31.1	12.2	0
212	32.2	5.6	1.07
213	31.1	6.7	0.03
214	34.4	7.2	0
215	29.4	12.2	0
216	31.7	5	0
217	31.1	6.1	0
218	30	5.6	0
219	31.7	0	0
220	30	8.3	0
221	31.7	5.6	0
222	32.8	6.1	0
223	33.3	5.6	0
224	33.9	10	0
225	35	7.2	0
226	33.3	11.1	0
227	32.2	6.7	0
228	33.9	8.3	0
229	31.7	8.9	0.05
230	31.7	7.2	0
231	32.2	4.4	0
232	31.7	1.7	0
233	32.2	3.3	0
234	32.2	6.1	0
235	31.1	5.6	0
236	31.7	5.6	0
237	31.1	5.6	0
238	32.8	5	0
239	32.8	10.6	0.43
240	30	7.2	0.08
241	32.2	6.1	0
242	32.8	7.2	0
243	31.1	6.7	0
244	24.4	3.3	0
245	18.9	3.3	0
246	17.8	-3.3	0
247	16.1	0	0
248	12.8	-2.2	0
249	15	-6.7	0
250	16.7	-4.4	0
251	21.1	-5.6	0
252	19.4	1.1	0
253	22.2	-3.3	0
254	26.7	-1.1	0
255	28.3	3.9	0
256	29.4	1.7	0
257	26.7	0	0
258	26.1	-1.1	0
259	29.4	1.1	0
260	29.4	2.2	0
261	28.3	-0.6	0
262	22.8	2.8	1.09
263	12.8	1.7	0.38
264	13.9	-5	0
265	12.2	-6.7	0.99
266	12.8	-7.8	0
267	17.2	-6.1	0
268	16.1	-1.1	0
269	15.6	-8.3	0
270	16.1	-4.4	0
271	19.4	-4.4	0
272	22.2	-3.9	0
273	21.7	0	0
274	23.3	-2.2	0
275	21.7	0	0
276	21.1	-5.6	0
277	21.1	-2.8	0
278	23.9	-0.6	0
279	21.7	-2.2	0
280	17.8	-2.2	1.19
281	15.6	-3.9	0.53
282	14.4	-3.3	0.08
283	15.6	-9.4	0
284	18.3	-5.6	0
285	-9999	-9999	0
286	20.6	-5.6	0
287	23.9	-3.9	0
288	21.7	-2.2	0
289	18.3	-2.2	0
290	16.7	-5.6	0
291	16.7	-5.6	0
292	16.1	-6.7	0
293	16.1	-3.9	0
294	14.4	-5.6	0
295	13.3	-10.6	0
296	15.6	-9.4	0
297	16.1	-8.3	0
298	17.8	-5.6	0
299	-9999	-9999	0
300	11.1	-6.7	0
301	4.4	-8.3	0
302	7.2	-10	0
303	8.9	-11.1	0
304	7.8	-12.2	0
305	11.1	-7.8	0
306	8.3	-10.6	0
307	5.6	-13.3	0
308	11.1	-9.4	0
309	4.4	-7.8	0
310	4.4	-7.8	0
311	8.9	-14.4	0
312	8.9	-12.2	0
313	7.8	-11.1	0
314	3.9	-12.8	0.28
315	3.3	-18.9	0
316	3.9	-20	0
317	7.2	-17.2	0
318	11.1	-12.2	0
319	12.8	-12.2	0
320	7.8	-12.2	0
321	4.4	-11.1	0
322	1.7	-16.7	0
323	2.8	-20	0
324	-2.8	-23.3	0
325	-5.6	-21.7	0
326	1.7	-20.6	0.03
327	-9999	-9999	0
328	1.1	-18.9	0.13
329	0	-15.6	0
330	0.6	-9.4	0
331	1.7	-9.4	0
332	8.9	-11.1	0
333	4.4	-11.7	0
334	5.6	-12.8	0
335	7.2	-15	0
336	10.6	-15	0
337	10	-12.8	0
338	4.4	-15.6	0
339	5.6	-14.4	0
340	-1.1	-15	0
341	3.9	-15.6	0
342	5	-9.4	0
343	10	-3.3	0.58
344	7.2	-6.1	0.03
345	5.6	-4.4	0.1
346	10.6	-9.4	0
347	10.6	-6.7	0
348	10	-6.7	0
349	10	-8.3	0.05
350	4.4	-14.4	0
351	-0.6	-16.1	0
352	1.7	-13.9	0.36
353	-1.1	-13.9	0
354	-1.1	-17.8	0.03
355	-1.7	-8.3	0
356	-1.7	-10.6	0
357	-1.7	-6.7	0
358	1.1	-6.7	0
359	3.9	-11.1	0
360	-0.6	-12.2	0
361	0	-12.8	0
362	6.1	-12.8	0
363	3.9	-10.6	0
364	0	-12.2	0
365	-2.2	-15	0
