#weather for site US Sheep Experiment Station year = 1984
#DOY Tmax(C) Tmin(C) PPT(cm)
1	-4.4	-12.2	0
2	-2.8	-10	0
3	0	-7.2	0
4	2.2	-2.2	0.1
5	1.7	-3.3	0
6	0	-3.3	0
7	-2.2	-5.6	0
8	-3.9	-8.9	0.23
9	-2.8	-11.7	0
10	-4.4	-11.7	0
11	-4.4	-11.7	0
12	-5	-10.6	0
13	-7.2	-14.4	0
14	-8.3	-21.7	0
15	-8.9	-16.1	0.1
16	-13.9	-23.3	0.05
17	-16.1	-28.9	0
18	-10	-22.8	0
19	-12.2	-24.4	0
20	-6.7	-14.4	0
21	-6.7	-11.1	0.05
22	-7.2	-16.7	0.1
23	-2.2	-11.1	0
24	2.2	-5.6	0.15
25	0.6	-9.4	0
26	-3.9	-8.9	0
27	-1.1	-7.2	0
28	0	-8.9	0
29	2.2	-13.3	0
30	3.9	-11.1	0
31	-0.6	-14.4	0
32	-5.6	-17.8	0
33	-3.3	-14.4	0
34	-0.6	-13.9	0
35	2.8	-11.1	0
36	1.7	-11.1	0
37	-2.8	-12.8	0
38	-1.7	-17.8	0
39	1.7	-10	0
40	1.7	-6.1	0.79
41	1.1	-18.3	0
42	-1.1	-10.6	0
43	1.1	-4.4	0.3
44	1.1	-1.7	0.25
45	-1.1	-15	0.08
46	1.7	-6.7	0.15
47	-0.6	-3.3	0
48	-2.2	-15.6	0
49	-3.3	-16.1	0
50	-2.2	-17.8	0
51	1.7	-11.7	0
52	-1.1	-11.1	0.13
53	-5	-12.8	0.03
54	0	-8.3	0.03
55	0	-13.3	0
56	-1.7	-15	0
57	-1.1	-11.1	0
58	3.9	-11.1	0
59	4.4	-11.1	0
60	2.8	-7.2	0
61	1.7	-7.2	0
62	1.1	-10	0.05
63	-1.1	-10	0
64	-3.9	-16.1	0
65	0	-14.4	0
66	2.2	-8.3	0
67	5	-10	0
68	5.6	-3.9	0
69	4.4	-4.4	0
70	2.2	-1.7	0.03
71	2.2	-3.9	0
72	5.6	-7.2	0
73	5.6	0	0.15
74	3.3	-1.7	0.43
75	5	-1.7	0.71
76	3.9	-2.2	0.64
77	2.8	-5	0
78	4.4	-7.8	0
79	5	-1.7	0
80	2.8	-1.1	0
81	3.9	-6.7	0
82	3.3	-8.3	0
83	3.3	-1.7	0
84	2.2	-6.7	0
85	3.3	-3.9	0.13
86	3.9	-5.6	0
87	2.8	-9.4	0
88	5	-7.2	0
89	5	-3.9	0
90	5	-6.7	0
91	4.4	-3.3	0
92	5.6	-3.9	0
93	4.4	-8.3	0
94	6.1	-4.4	0
95	9.4	-2.8	0
96	6.7	1.7	1.14
97	4.4	-1.1	0.05
98	5.6	-1.1	0
99	5	-2.8	0.81
100	8.3	0	0
101	6.1	-3.3	0
102	5	-6.1	0.25
103	6.7	-6.7	0
104	11.1	-3.9	0
105	17.2	-0.6	0
106	17.8	0	0
107	16.7	1.7	0
108	10	2.8	0.41
109	9.4	1.7	0.23
110	9.4	3.9	1.24
111	12.8	2.2	0
112	15	0.6	0.1
113	13.9	2.2	0
114	12.2	-2.2	0
115	5.6	-3.9	0.38
116	3.3	-3.9	0
117	2.2	-5	0
118	6.1	-8.3	0
119	6.1	-3.9	1.04
120	NA	NA	NA
121	6.1	-7.8	0
122	8.3	-1.1	0.33
123	11.7	0.6	0.99
124	11.7	-1.1	0.1
125	12.2	-1.7	0
126	10	-1.1	0.28
127	7.8	-2.8	0
128	12.8	-5	0
129	16.7	-1.7	0
130	19.4	4.4	0
131	18.3	3.9	0
132	13.9	5	0
133	21.7	9.4	0
134	25.6	6.1	0
135	26.1	13.9	0.25
136	18.9	8.3	1.04
137	9.4	0.6	0.08
138	16.1	-2.2	0
139	18.3	2.2	0
140	22.2	4.4	0
141	21.7	4.4	0
142	16.7	2.8	0
143	20	3.3	0
144	18.3	3.3	0
145	16.7	2.2	0
146	13.3	2.2	0
147	20.6	6.1	0.1
148	21.1	1.1	0
149	21.7	3.3	0
150	27.2	6.1	0
151	28.3	6.7	0
152	26.7	6.7	0
153	18.3	0.6	0
154	18.9	1.1	0
155	17.8	3.3	0.2
156	11.1	3.3	0.76
157	10.6	4.4	1.09
158	12.8	5	0.97
159	13.9	3.9	0.36
160	12.2	1.1	1.02
161	11.7	1.7	0.36
162	11.1	2.2	0.71
163	13.3	0	1.22
164	18.3	5	0.23
165	18.9	8.9	0.48
166	23.9	7.8	0.15
167	23.9	10	0
168	22.8	8.3	0.05
169	21.1	7.2	0.36
170	20	7.2	0
171	24.4	6.7	0.13
172	23.3	10	0.36
173	17.8	6.1	0
174	18.9	4.4	0
175	22.8	4.4	0
176	27.8	6.7	0
177	29.4	10	0
178	27.8	10	0
179	27.8	10	0.25
180	29.4	11.1	0
181	30.6	13.3	0
182	29.4	15.6	0
183	24.4	5	0
184	28.3	7.2	0
185	27.2	12.2	0
186	29.4	10.6	0
187	30	12.2	0
188	30.6	15	0
189	30	17.8	0
190	28.9	17.8	0
191	27.2	10	0
192	26.7	8.3	0
193	28.3	10	0
194	30	8.9	0
195	32.2	9.4	0
196	30	7.8	0
197	28.9	8.3	0
198	32.2	8.9	0
199	32.2	11.1	0
200	32.2	14.4	0
201	30	14.4	0
202	27.2	15	0.99
203	21.7	12.8	0.71
204	20	12.2	0.56
205	22.2	12.8	2.16
206	28.9	11.1	0
207	32.2	13.9	0
208	32.2	13.9	0
209	31.7	14.4	1.8
210	25	13.9	0.91
211	23.9	15	0.69
212	26.1	10	0.08
213	27.2	12.2	0
214	26.7	15	0
215	25	12.8	0.58
216	27.8	12.8	0
217	28.3	13.3	0
218	27.8	13.9	0
219	28.3	12.8	0.2
220	28.3	13.3	0
221	29.4	12.2	0
222	31.7	11.1	0
223	31.7	13.3	0
224	31.7	12.8	0
225	28.9	11.1	0
226	29.4	13.9	0.03
227	27.2	8.9	0
228	27.8	11.7	0
229	26.7	13.3	1.63
230	27.2	12.8	0
231	29.4	12.2	0
232	29.4	13.3	0.08
233	27.8	12.2	0.53
234	26.1	8.9	0
235	28.3	9.4	0
236	27.2	9.4	0.48
237	26.1	9.4	0.03
238	21.7	9.4	2.21
239	24.4	9.4	0
240	28.3	10	0
241	27.8	10.6	0
242	28.9	7.8	0
243	28.3	10	0
244	26.7	11.1	0.86
245	19.4	4.4	0
246	22.8	5	0
247	25.6	5.6	0
248	28.9	8.9	0
249	28.9	13.3	0
250	18.9	10	0
251	20.6	-0.6	0
252	20.6	1.7	0
253	25.6	4.4	0
254	25.6	5.6	0
255	25	7.2	0
256	23.3	5.6	0
257	22.8	3.3	0
258	23.3	4.4	0
259	23.9	8.9	0.2
260	25	7.2	0
261	26.7	8.3	0
262	28.9	8.3	0
263	28.9	10.6	0
264	27.8	9.4	0
265	20	5	0.69
266	10.6	0	0
267	11.1	3.9	0.03
268	8.3	-2.8	0
269	10.6	-5.6	0
270	16.1	1.7	0
271	15.6	-2.2	0
272	13.9	-2.8	0
273	16.1	-2.8	0
274	20.6	1.7	0
275	23.9	7.2	0
276	22.8	6.1	0
277	20.6	3.9	0
278	21.1	5	0
279	21.7	5	0
280	18.9	2.8	0
281	21.1	3.9	0
282	21.7	3.9	0
283	21.7	4.4	0
284	21.7	6.7	0
285	17.8	7.2	0.43
286	9.4	0.6	0.64
287	12.2	2.2	0
288	4.4	-4.4	0
289	3.9	-6.1	0.08
290	4.4	-6.1	0
291	3.9	-4.4	0.13
292	1.7	-6.7	0
293	2.2	-9.4	0
294	3.3	-5	0
295	5	-7.2	0
296	5	-5.6	0
297	6.1	-7.2	0
298	6.1	-2.8	0.3
299	4.4	-5	0
300	3.3	0	0.74
301	1.1	-9.4	0.1
302	8.3	-1.1	0
302	3.3	-6.7	0
303	4.4	-6.7	0
304	5	-6.1	0
305	2.8	-8.3	0
306	7.2	-3.3	0
307	8.9	-1.1	0.05
308	6.7	-6.7	0
309	6.7	-6.7	0
310	8.9	1.1	0
311	5	0	0
312	1.7	-3.3	0.38
313	5	-2.8	0.18
314	2.2	-6.7	0.51
315	2.8	-1.7	0.13
316	6.7	-1.7	0.1
317	6.7	-1.7	0.05
318	3.3	-2.8	0
319	1.1	-9.4	0
320	4.4	-8.3	0
321	3.9	-7.2	0
322	3.9	-7.2	0
323	-0.6	-5	0
324	1.7	-2.2	0
325	6.1	-2.8	0
326	7.2	-5	0
327	7.2	-7.2	0
328	1.7	-2.2	0.86
329	0	-4.4	1.17
330	-2.8	-11.1	0
331	-5	-13.9	0
332	-0.6	-6.7	0.66
333	-3.3	-6.1	0
334	-2.8	-9.4	0.15
335	-3.9	-13.9	0
336	-7.2	-14.4	0
337	-10	-19.4	0
338	-7.2	-21.1	0
339	-2.8	-15.6	0
340	-0.6	-14.4	0
341	0.6	-12.8	0
342	1.7	-8.9	0
343	-0.6	-10	0
344	1.1	-2.8	0.13
345	-1.1	-10	0.05
346	-5.6	-16.1	0.23
347	-5	-15.6	0
348	-8.9	-20.6	0
349	-5	-16.7	0
350	-2.8	-9.4	0.71
351	-7.2	-19.4	0
352	-6.1	-17.8	0
353	-7.2	-18.3	0
354	-6.7	-15	0
355	-10.6	-18.9	0
356	-6.7	-16.7	0
357	-3.3	-8.3	0
358	-4.4	-14.4	0
359	-3.3	-9.4	0
360	-4.4	-12.2	0
361	1.1	-8.3	0
362	-2.2	-10.6	0
363	-5.6	-16.1	0
364	-1.1	-7.2	0
365	-2.8	-8.9	0
366	-7.2	-20	0
