#weather for site US Sheep Experiment Station year = 1993
#DOY Tmax(C) Tmin(C) PPT(cm)
1	-6.7	-15	0
2	-13.3	-21.1	0
3	-9.4	-18.3	0.1
4	-4.4	-19.4	0.03
5	-9.4	-20.6	0
6	-9.4	-21.1	0
7	-5	-15	0
8	-5.6	-12.2	0.33
9	-5	-15	0
10	-3.9	-10	0.1
11	-9.4	-16.1	0.1
12	-6.1	-18.9	0.03
13	1.7	-7.8	0.38
14	0.6	-5	0.15
15	-0.6	-11.7	0.13
16	0	-11.7	0
17	-0.6	-13.9	0
18	-1.7	-4.4	0.23
19	-1.1	-6.1	0.25
20	0	-11.7	0.64
21	1.7	-6.1	0.71
22	-3.9	-16.7	0
23	-1.7	-13.3	0
24	-3.3	-13.3	0
25	3.3	-11.1	0
26	2.2	-10.6	0
27	0	-10.6	0
28	-3.3	-11.7	0
29	1.1	-15	0
30	3.3	-13.3	0
31	0	-12.2	0
32	-3.9	-13.3	0
33	-1.1	-15	0
34	2.8	-13.9	0
35	3.3	-13.3	0
36	2.2	-13.3	0
37	6.1	-9.4	0
38	3.3	-10.6	0
39	4.4	-2.8	0.15
40	1.1	-4.4	0.08
41	0	-5.6	0
42	-1.1	-5.6	0.15
43	-2.8	-7.8	0
44	-2.2	-7.8	0
45	-6.7	-13.3	0.08
46	-13.3	-17.8	0
47	-6.1	-23.3	0
48	-1.7	-12.2	0.05
49	1.7	-3.3	0.64
50	1.1	-6.7	0.81
51	-2.2	-10	0
52	-3.9	-15.6	0
53	-2.2	-16.7	0
54	1.1	-11.1	0.15
55	-2.8	-13.3	0
56	-2.2	-12.2	0.08
57	-1.7	-18.9	0
58	-1.1	-17.2	0
59	-3.3	-18.3	0
60	-4.4	-15.6	0.03
61	1.7	-16.1	0
62	-2.8	-14.4	0
63	0	-6.7	0
64	0.6	-5.6	0
65	2.2	-3.9	0
66	1.7	-3.3	0
67	3.3	-5	0
68	2.8	-6.7	0
69	-0.6	-8.9	0
70	-2.2	-16.7	0
71	1.7	-11.7	0
72	1.7	-6.7	0
73	2.8	-3.9	0.03
74	5	-5	0
75	3.9	-1.1	0.69
76	5.6	-0.6	0.08
77	5	-0.6	0
78	5.6	-1.7	0
79	6.7	-4.4	0
80	6.1	-6.1	0
81	7.2	-3.3	0
82	10	-0.6	0
83	7.2	0	0.25
84	8.3	2.2	0.86
85	10.6	0	0
86	11.1	0	0
87	11.1	1.1	0
88	9.4	-0.6	0.03
89	9.4	-2.2	0.05
90	11.7	-1.7	0
91	7.8	-0.6	0.41
92	6.7	-2.8	0.05
93	5	1.7	0.48
94	NA	NA	NA
95	5.6	-1.1	0.15
96	7.8	-3.3	0
97	10.6	-5	0
98	12.2	-2.8	0
99	11.7	2.2	0
100	5.6	-4.4	0.05
101	4.4	-6.1	0.56
102	5	-3.3	0.56
103	10.6	-6.1	0
104	7.8	-3.3	0
105	10	-3.3	0
106	11.7	0	0
107	12.8	1.1	0
108	12.2	1.1	0.2
109	9.4	0	0
110	11.1	-3.9	0
111	18.3	-0.6	0
112	16.7	3.3	0.08
113	10	0	1.47
114	8.3	0.6	0.36
115	10.6	0	0
116	12.8	2.2	0.08
117	11.1	-3.3	0
118	15	0	0
119	13.9	2.2	0.03
120	11.7	-0.6	0.3
121	11.7	-1.1	0
122	16.7	3.3	0
123	17.8	2.2	0.25
124	10	0.6	1.96
125	13.9	1.7	0.1
126	11.1	0	1.42
127	7.2	-0.6	1.37
128	8.3	-4.4	0.91
129	11.7	-1.7	0
130	20.6	0	0
131	25	5	0
132	25.6	6.1	0
133	25.6	7.2	0
134	25	7.8	0
135	25	7.8	0.1
136	22.8	6.7	0.15
137	20.6	5.6	0.66
138	23.9	5.6	0
139	23.3	6.7	0.2
140	25	7.8	0
141	24.4	7.8	0.58
142	15.6	5	1.19
143	17.2	3.9	0.1
144	18.3	5.6	0
145	22.8	5	0
146	23.9	8.3	0
147	24.4	8.3	0
148	23.9	8.3	0
149	22.2	7.8	0.08
150	22.8	6.7	0
151	24.4	9.4	0
152	22.2	7.8	0
153	20.6	6.1	0
154	16.7	5	0.91
155	14.4	5	0.43
156	11.7	6.7	1.5
157	12.8	7.2	0.23
158	13.3	3.9	0.08
159	14.4	5	0.03
160	17.8	2.8	0
161	20	5	0
162	18.9	5	0.28
163	19.4	-2.8	0
164	18.9	-0.6	0
165	24.4	3.3	0
166	22.8	9.4	0.48
167	18.3	6.1	0.15
168	18.3	8.3	0
169	23.3	5.6	0
170	26.7	6.7	0
171	28.3	8.3	0
172	25	11.1	0.08
173	19.4	11.7	0.58
174	16.1	1.1	0
175	20	0.6	0
176	24.4	4.4	0
177	27.8	6.7	0
178	28.3	8.9	0
179	25.6	10	0
180	22.8	8.3	0
181	21.1	2.8	0
182	23.3	6.7	0
183	23.3	6.1	0
184	20.6	4.4	1.17
185	16.7	4.4	0.05
186	20	2.8	0.1
187	17.2	5.6	0.71
188	21.1	2.8	0
189	20.6	3.9	0.13
190	24.4	4.4	0
191	25.6	6.7	0
192	23.9	7.2	0
193	23.3	6.7	0
194	22.2	5	0
195	23.9	5.6	0
196	23.3	7.2	0
197	22.2	8.3	0
198	23.3	5.6	0
199	21.7	3.3	0
200	28.3	5	0
201	27.8	11.1	0
202	23.9	10.6	0.08
203	17.8	5.6	0.97
204	13.3	7.2	1.02
205	17.8	8.3	0.56
206	22.2	5.6	0
207	14.4	8.3	0.25
208	21.1	4.4	0.2
209	27.8	6.7	0
210	27.8	12.8	0
211	28.3	11.1	0
212	27.2	9.4	0
213	27.8	10.6	0
214	27.8	11.7	0
215	26.7	8.9	0
216	27.2	11.1	0
217	26.7	8.3	0.08
218	31.7	8.3	0.86
219	26.7	8.9	0.15
220	24.4	7.2	0
221	29.4	7.8	0
222	28.3	10	0.05
223	26.7	11.7	0.05
224	27.2	7.8	0.05
225	26.1	8.9	0
226	26.7	7.2	0
227	25.6	8.3	0
228	22.2	7.2	0.51
229	20.6	2.8	0.38
230	25.6	5.6	0
231	30	13.3	0
232	29.4	11.1	0.05
233	24.4	10.6	1.24
234	21.1	6.1	0.05
235	26.7	6.7	0
236	27.2	7.8	0
237	23.3	7.8	0
238	18.9	0.6	0
239	23.3	2.2	0
240	23.3	3.9	0
241	21.1	6.7	0
242	21.1	2.8	0
243	25	3.3	0
244	25	9.4	0
245	22.2	6.1	0
246	25.6	4.4	0
247	25.6	8.3	0
248	25.6	7.8	0
249	26.1	7.2	0
250	24.4	7.8	0
251	26.1	7.8	0
252	27.2	7.8	0
253	27.2	7.2	0
254	28.9	8.3	0
255	27.8	5	0
256	13.3	0.6	0
257	17.8	-1.7	0
258	21.1	5	0
259	20	4.4	0
260	20.6	3.9	0
261	16.7	6.1	0.2
262	17.2	6.1	0
263	19.4	3.9	0
264	17.8	0.6	0
265	18.9	1.1	0
266	21.1	3.3	0
267	20.6	0.6	0
268	20	4.4	0
269	21.1	2.2	0
270	22.2	3.3	0
271	25.6	4.4	0
272	24.4	6.7	0
273	24.4	5	0
274	23.9	4.4	0
275	23.9	5	0
276	23.9	3.9	0
277	23.9	5	0
278	24.4	5.6	0
279	23.9	8.3	0.61
280	18.3	5	0
281	6.7	0	0.18
282	9.4	-1.1	0
283	11.7	-2.2	0
284	15.6	-0.6	0
285	12.2	2.2	0
286	14.4	5.6	0.28
287	15	3.3	0.05
288	12.2	2.8	0.1
289	10.6	1.1	1.04
290	11.1	0.6	0
291	12.8	-0.6	0
292	11.1	-2.8	0
293	10.6	-5.6	0
294	11.7	-1.7	0
295	15.6	0	0
296	15.6	0	0
297	15	1.1	0
298	13.3	0	0
299	12.8	-2.2	0
300	7.2	-4.4	0
301	8.3	-3.3	0
302	4.4	-8.9	0
303	7.2	-9.4	0
304	7.2	-6.7	0
304	7.2	-4.4	0
305	4.4	-8.3	0
306	11.7	-2.2	0
307	8.9	-4.4	0
308	4.4	-7.8	0
309	4.4	-10.6	0
310	4.4	-9.4	0
311	4.4	-8.9	0
312	4.4	-9.4	0
313	10.6	-3.9	0
314	11.1	-4.4	0
315	9.4	-2.2	0
316	5	-5.6	0
317	5.6	-8.9	0
318	1.7	-10.6	0
319	3.3	-8.3	0
320	7.2	-6.7	0
321	3.3	-7.2	0
322	-0.6	-13.9	0
323	0.6	-12.8	0
324	4.4	-10.6	0
325	5.6	-3.3	0.23
326	-0.6	-17.8	0.05
327	-10	-19.4	0
328	-11.7	-22.2	0
329	-10	-23.3	0
330	-10	-18.9	0
331	3.9	-12.2	0
332	1.1	-4.4	0
333	2.2	-3.9	0
334	-0.6	-6.7	0
335	2.8	-4.4	0.46
336	-1.1	-9.4	0
337	-1.7	-6.7	0.33
338	-3.9	-16.1	0
339	-3.9	-15	0.1
340	-2.2	-12.8	0
341	1.7	-5	0.2
342	2.8	-9.4	0
343	5.6	-4.4	0
344	7.8	-3.9	0
345	2.8	-2.8	0.05
346	-1.7	-15.6	0
347	3.9	-10.6	0
348	3.3	-4.4	0
349	1.7	-5.6	0
350	-2.8	-16.1	0
351	-3.9	-8.9	0
352	-0.6	-13.9	0
353	-3.9	-13.3	0
354	-1.7	-13.3	0
355	-2.8	-17.2	0.1
356	-7.8	-20	0
357	-8.3	-15.6	0
358	-0.6	-17.2	0
359	3.3	-10.6	0
360	2.2	-7.8	0
361	-1.7	-12.2	0
362	-3.3	-8.3	0
363	-2.2	-10	0
364	-2.2	-11.7	0
365	1.1	-11.7	0
