#weather for site US Sheep Experiment Station year = 1987
#DOY Tmax(C) Tmin(C) PPT(cm)
1	2.2	-7.8	0.05
2	2.2	-7.2	0
3	0.6	-3.9	0.86
4	-0.6	-6.1	0
5	-2.2	-6.7	0.13
6	-1.7	-14.4	0
7	-6.7	-20	0
8	-11.7	-18.3	0
9	-7.2	-20.6	0
10	-1.1	-16.1	0
11	3.3	-13.3	0
12	1.7	-12.2	0
13	-5.6	-16.7	0.28
14	-8.3	-20.6	0
15	-6.1	-16.7	0
16	-6.7	-17.8	0
17	-9.4	-22.2	0
18	-4.4	-16.1	0
19	-6.7	-22.2	0
20	-6.7	-16.7	0
21	-3.9	-16.1	0
22	3.3	-10.6	0
23	-2.2	-11.1	0.1
24	-0.6	-7.8	0
25	2.2	-3.9	0
26	6.7	-6.1	0
27	1.7	-2.2	1.22
28	-0.6	-13.3	0
29	1.7	-10	0
30	-1.1	-4.4	0.36
31	6.7	-3.3	0
32	4.4	-4.4	0
33	4.4	-2.2	0.13
34	3.3	-10	0
35	3.3	-8.3	0
36	8.3	-8.3	0
37	7.2	-11.7	0
38	9.4	-6.1	0
39	6.7	-4.4	0
40	7.8	-4.4	0
41	7.8	-4.4	0
42	8.3	-4.4	0
43	5.6	0	1.32
44	5	-2.8	0
45	3.3	-2.8	0
46	4.4	-5.6	0
47	1.7	-8.3	0
48	0.6	-5	0.23
49	-0.6	-9.4	0
50	0	-12.2	0
51	1.1	-11.1	0
52	-1.1	-8.9	0
53	-1.1	-7.2	0.64
54	-1.7	-7.2	0.03
55	-5.6	-10.6	0
56	0.6	-15	0
57	-3.3	-16.7	0
58	-1.1	-8.3	0
59	6.7	-8.3	0
60	8.9	-3.9	0
61	8.9	-3.3	0
62	11.1	-1.1	0
63	13.3	-1.1	0
64	9.4	1.7	0.05
65	8.3	2.2	0.41
66	6.7	-1.7	0.23
67	6.7	-0.6	0
68	6.7	-2.8	0.48
69	6.7	0	0.43
70	7.2	-2.8	0
71	7.8	1.7	0.08
72	5.6	-3.3	0.08
73	7.8	-3.9	0
74	9.4	2.2	0
75	8.3	-2.2	0
76	5	-1.1	0.86
77	2.8	-6.7	0.1
78	3.9	-7.8	0
79	3.9	-7.2	0
80	2.2	-6.7	0
81	8.3	-8.3	0
82	7.8	-7.2	0
83	10	-3.9	0
84	9.4	-4.4	0
85	4.4	-3.9	0
86	1.7	-8.3	0
87	2.8	-15.6	0
88	9.4	-9.4	0
89	13.9	-4.4	0
90	13.9	-2.8	0
91	14.4	-6.1	0
92	17.2	-3.3	0
93	21.1	1.1	0
94	19.4	0	0
95	NA	NA	NA
96	15.6	0.6	0
97	17.2	-0.6	0
98	15.6	1.1	0
99	13.9	-6.7	0
100	14.4	-3.3	0
101	8.9	2.8	0
102	7.8	-5.6	0
103	13.3	-5.6	0
104	19.4	-1.7	0
105	21.7	1.7	0
106	20.6	3.9	0
107	22.8	4.4	0
108	21.1	4.4	0
109	16.7	-1.1	0
110	12.2	-3.9	0
111	17.2	-1.7	0
112	22.2	2.8	0
113	23.3	4.4	0
114	23.3	4.4	0
115	25.6	5	0
116	26.1	7.8	0
117	27.2	7.2	0
118	26.7	6.7	0
119	26.1	7.8	0
120	24.4	7.8	0.05
121	16.7	4.4	0.48
122	12.2	1.7	0.66
123	17.2	-1.1	0
124	21.7	1.7	0
125	26.1	7.8	0
126	26.1	8.3	0
127	27.2	8.9	0
128	27.8	7.8	0
129	26.7	7.2	0
130	23.9	7.2	0
131	25.6	9.4	0
132	27.2	6.7	0
133	25.6	7.8	0
134	27.8	8.9	0
135	28.9	9.4	0
136	23.3	11.1	0.56
137	17.8	7.2	1.02
138	16.7	6.7	0.33
139	17.2	4.4	0.18
140	12.8	4.4	0.38
141	14.4	0	1.19
142	16.1	2.2	0
143	20	1.7	0
144	19.4	5	0.2
145	18.9	4.4	0
146	15	3.9	1.27
147	15.6	4.4	1.35
148	13.3	6.7	0.48
149	18.9	5.6	0
150	19.4	5	0
151	18.9	5	0
152	16.7	0	0
153	19.4	0	0
154	22.8	3.3	0
155	27.8	5.6	0
156	28.9	8.9	0
157	27.2	10	0
158	22.2	10	0.89
159	25.6	8.3	0
160	23.3	10	0
161	22.2	8.9	0.1
162	23.9	7.2	0
163	28.9	8.9	0
164	31.7	11.1	0
165	32.8	12.2	0
166	30	16.7	0.08
167	26.7	6.1	0
168	26.1	7.2	0
169	24.4	11.1	0
170	20.6	5.6	0
171	27.8	6.1	0
172	28.9	9.4	0
173	18.9	7.2	0.46
174	20.6	5.6	0.05
175	23.3	4.4	0
176	28.3	8.9	0
177	31.1	10.6	0
178	30.6	12.2	0
179	28.9	11.1	0.03
180	26.7	10	0
181	25.6	9.4	0
182	27.2	12.2	0
183	25.6	11.1	0
184	30	10	0.28
185	27.2	10.6	0
186	26.7	11.1	0
187	25.6	7.8	0
188	25	9.4	0
189	26.1	12.8	0
190	25.6	11.1	0
191	24.4	7.2	0.71
192	17.8	4.4	0.48
193	23.9	6.7	0
194	28.9	8.9	0
195	31.7	11.7	0
196	32.8	12.2	0
197	31.7	15	0
198	25	12.2	1.35
199	16.1	7.8	1.5
200	20.6	3.3	0
201	25.6	6.7	0
202	25.6	11.7	1.22
203	22.8	6.7	0
204	26.1	7.8	0
205	30.6	11.7	0
206	33.9	13.3	0
207	32.8	13.9	0
208	32.2	15.6	0
209	29.4	13.9	0.46
210	26.7	14.4	0.1
211	28.9	10.6	0.41
212	30.6	12.8	0
213	28.9	8.3	0
214	30	11.1	0
215	28.9	11.1	0
216	32.2	10	0
217	32.8	11.1	0
218	31.1	11.1	0
219	28.9	12.2	0
220	27.8	7.8	0
221	30	10	0
222	29.4	10.6	0
223	30	10.6	0
224	25	6.1	0
225	21.7	8.3	0
226	22.2	11.1	0
227	18.3	7.8	0.25
228	22.8	5.6	0
229	23.9	5	0
230	26.1	6.1	0
231	27.2	8.3	0
232	31.7	15.6	0
233	29.4	11.1	0
234	28.9	9.4	0
235	29.4	11.1	0.08
236	27.8	11.7	0.76
237	17.8	7.2	0.48
238	20	5.6	0
239	23.3	5	0
240	26.7	7.8	0
241	27.2	8.9	0
242	29.4	11.7	0
243	31.1	12.2	0
244	31.7	13.3	0
245	31.1	12.8	0
246	29.4	14.4	0
247	20	7.2	0
248	23.3	3.3	0
249	25.6	5	0
250	25.6	8.3	0
251	26.1	7.8	0
252	26.1	8.9	0
253	26.1	8.9	0
254	26.1	8.9	0
255	27.8	8.3	0
256	28.9	10	0
257	28.3	7.2	0
258	26.1	8.9	0
259	22.2	7.2	0
260	17.8	0.6	0
261	21.1	0	0
262	25.6	5.6	0
263	26.7	6.7	0
264	28.9	8.9	0
265	30	10	0
266	30.6	11.1	0
267	30.6	11.1	0
268	28.9	7.8	0
269	26.7	7.2	0
270	19.4	1.1	0
271	20	1.1	0
272	25	4.4	0
273	26.1	5.6	0
274	26.1	7.2	0
275	26.1	5.6	0
276	26.1	4.4	0
277	23.3	8.9	0
278	22.2	6.1	0
279	22.8	3.3	0
280	23.3	2.8	0
281	23.3	2.2	0
282	18.3	1.1	0
283	17.8	-2.2	0
284	20.6	-1.7	0
285	18.9	0.6	0
286	15.6	5.6	0
287	17.2	1.1	0
288	17.2	3.3	0
289	11.7	-6.1	0
290	15.6	-1.7	0
291	15.6	-1.7	0
292	16.1	0	0
293	13.9	-3.9	0
294	15	-1.7	0
295	16.1	-3.3	0
296	17.8	-1.1	0
297	14.4	2.8	0.08
298	16.1	0	0
298	13.3	1.1	0
299	16.1	-1.1	0
300	17.8	-1.7	0
301	20.6	2.2	0
302	14.4	2.2	0
303	13.9	6.1	0
304	12.8	6.1	0.25
305	10	6.7	0.23
306	10.6	6.7	0
307	11.1	4.4	0
308	16.7	-1.1	0
309	13.9	3.3	0.33
310	11.1	1.1	0.28
311	11.7	-1.1	0
312	12.2	-2.2	0
313	10.6	1.1	0
314	4.4	-0.6	0
315	3.9	0.6	0.91
316	5.6	0.6	0.43
317	4.4	-0.6	0.79
318	1.1	-7.8	0
319	0	-5	0.1
320	2.2	-6.1	0
321	-0.6	-10.6	0
322	5	-7.2	0
323	10	-6.7	0
324	5.6	-3.9	0
325	4.4	-3.9	0.1
326	1.1	-5.6	0.23
327	-2.2	-13.9	0
328	2.2	-7.2	0.43
329	2.2	-5.6	0
330	3.3	-9.4	0
331	5	-10	0
332	6.1	-6.7	0
333	-0.6	-9.4	0
334	-0.6	-5	0.15
335	5.6	-1.1	0.33
336	8.9	0	0.1
337	8.3	-1.1	0
338	10	-1.1	0
339	8.9	0	0
340	5.6	0.6	0
341	1.7	-7.8	0
342	-1.7	-6.1	0.69
343	7.2	-2.8	0.15
344	0.6	-9.4	0
345	-2.2	-12.8	0
346	-3.9	-12.2	0
347	-6.7	-18.3	0
348	-6.1	-14.4	0
349	-5	-12.8	0.13
350	4.4	-6.7	0.13
351	-1.1	-12.2	0
352	-2.8	-12.2	0.03
353	-5.6	-18.3	0
354	-3.3	-13.3	0
355	-1.1	-9.4	0
356	-4.4	-10	0
357	-7.8	-20	0
358	-8.3	-17.8	0
359	-4.4	-15.6	0
360	-4.4	-15	0
361	1.7	-13.9	0
362	2.2	-8.9	0
363	-2.2	-11.1	0.33
364	-4.4	-12.8	0
365	-6.7	-20.6	0
