#weather for site US Sheep Experiment Station year = 2003
#DOY Tmax(C) Tmin(C) PPT(cm)
1	-0.6	-5.6	0
2	1.1	-3.9	0
3	3.3	-3.3	0
4	4.4	-4.4	0.08
5	3.9	-10.6	0
6	6.1	-8.3	0
7	5.6	-8.3	0
8	-0.6	-7.2	0
9	-0.6	-11.7	0
10	2.8	-5.6	0
11	-0.6	-3.3	0.3
12	1.7	-1.1	0
13	4.4	0	0
14	2.2	-5.6	0.13
15	-2.2	-8.9	0
16	-0.6	-11.7	0
17	-1.7	-11.7	0
18	0.6	-5.6	0
19	2.2	-7.2	0
20	-1.1	-5	0
21	-0.6	-3.3	0
22	3.3	-1.7	0.18
23	3.3	-5.6	0
24	2.8	-5	0
25	1.7	-2.2	0.03
26	3.3	0.6	0.03
27	2.2	-5.6	0
28	0.6	-3.3	0
29	6.1	-2.8	0
30	3.3	-0.6	0
31	7.8	0.6	0
32	7.2	-1.7	0
33	0.6	-10.6	0
34	-1.1	-9.4	0
35	-0.6	-12.2	0
36	-3.3	-13.9	0
37	-3.3	-16.7	0
38	-5	-11.1	0.05
39	-3.9	-13.3	0
40	3.3	-6.1	0
41	1.7	-11.7	0
42	5	-9.4	0
43	3.9	-6.1	0.61
44	3.3	-0.6	0.53
45	2.2	-1.1	0
46	1.7	-2.8	0.66
47	1.7	-11.7	0.08
48	0.6	-10	0
49	0.6	-10	0
50	1.7	-11.1	0
51	4.4	-6.7	0
52	3.3	-5	0.03
53	0	-14.4	0
54	-5.6	-22.2	0
55	2.8	-18.3	0
56	3.3	-15	0
57	3.3	-10.6	0
58	1.7	-11.7	0
59	1.1	-8.9	0
60	-0.6	-13.3	0
61	4.4	-7.2	0
62	2.2	-8.9	0
63	1.7	-12.8	0
64	5	-8.3	0
65	7.2	-7.8	0
66	8.9	-6.1	0
67	6.7	-3.3	0
68	6.7	-1.1	0
69	10	-2.8	0
70	8.3	-1.7	0
71	18.3	0	0
72	13.9	3.9	0
73	11.7	-1.1	0
74	7.2	-0.6	1.12
75	6.7	-3.3	0
76	5	0	0
77	10.6	-2.8	0
78	11.7	-5	0
79	10.6	-3.3	0
80	11.1	-1.1	0
81	10	0	0.03
82	7.8	-5.6	0
83	11.1	-3.9	0
84	10.6	-0.6	0.13
85	6.1	-3.3	0
86	7.2	-4.4	0
87	10	-6.1	0
88	15	-3.3	0
89	18.9	1.7	0
90	17.2	3.9	0
91	10.6	0.6	0.86
92	3.3	-4.4	0.05
93	4.4	-7.2	0.1
94	7.8	-7.2	0
95	4.4	-3.9	0.13
96	NA	NA	NA
97	7.8	-8.3	0
98	12.8	-4.4	0
99	19.4	-1.7	0
100	22.2	1.1	0
101	21.7	3.3	0
102	21.7	3.9	0
103	21.1	4.4	0
104	15	0	0.56
105	6.1	0	0.74
106	9.4	-2.8	0
107	10	-0.6	0.13
108	8.3	1.1	0.25
109	13.9	0	0
110	15.6	-1.7	0
111	19.4	2.8	0
112	17.2	2.8	0
113	10.6	2.8	2.18
114	14.4	3.9	0.28
115	13.3	3.9	0.18
116	8.9	-0.6	1.52
117	9.4	-5.6	0
118	12.8	-0.6	0.18
119	11.7	0	1.75
120	11.7	0	0.03
121	8.9	-0.6	0
122	13.3	-1.1	0
123	11.1	3.9	1.17
124	12.2	2.2	0.71
125	11.7	-0.6	0.91
126	11.1	-3.9	0.25
127	13.3	-2.2	0
128	13.3	0.6	0
129	12.2	1.1	0
130	13.9	0.6	0
131	13.3	1.1	0.1
132	15.6	1.7	0.05
133	17.2	-1.1	0.13
134	21.7	1.1	0
135	22.8	5.6	0.13
136	21.1	3.9	0
137	16.7	1.1	0
138	8.9	-1.1	0
139	12.8	-5.6	0
140	17.8	-2.2	0
141	22.8	3.3	0
142	25.6	6.7	0
143	27.8	9.4	0
144	29.4	10.6	0
145	29.4	9.4	0
146	27.2	10	0
147	27.8	9.4	0
148	32.2	10	0
149	33.3	12.8	0
150	31.7	14.4	0
151	29.4	8.9	0.51
152	25	6.7	0
153	23.9	7.8	0
154	22.8	4.4	0
155	22.2	6.1	0
156	22.2	4.4	0
157	21.7	7.2	0
158	23.9	3.9	0
159	27.8	5	0
160	26.1	11.1	0
161	28.3	8.3	0
162	28.3	7.2	0
163	25.6	7.2	0
164	24.4	6.7	0.3
165	28.9	5.6	0
166	28.9	12.2	0.1
167	31.1	10.6	0
168	31.7	12.8	0
169	30.6	10.6	0
170	31.1	12.8	0
171	30	12.2	0.1
172	21.1	3.9	0
173	18.9	1.1	0
174	19.4	2.8	0
175	19.4	5.6	0.2
176	20.6	3.3	0
177	25	5.6	0
178	27.8	7.8	0
179	28.9	12.8	0
180	30.6	11.7	0
181	33.3	13.3	0
182	32.8	10.6	0
183	32.2	7.8	0
184	31.7	7.8	0
185	29.4	10	0
186	31.7	8.9	0
187	30.6	11.7	0
188	32.2	12.2	0
189	31.1	13.3	0
190	30.6	8.9	0
191	35	13.3	0
192	35.6	15.6	0
193	36.7	16.7	0
194	33.9	12.8	0
195	31.1	12.2	0
196	35	12.8	0
197	36.7	14.4	0
198	36.7	15.6	0
199	37.2	16.7	0
200	37.2	17.2	0
201	37.8	17.2	0
202	36.7	18.3	0
203	38.3	16.7	0
204	38.9	18.9	0
205	37.8	17.8	0
206	36.1	17.2	0
207	33.3	13.9	0
208	31.7	10.6	0.13
209	33.9	15.6	0
210	34.4	17.2	0
211	36.1	16.1	0
212	37.2	13.3	0
213	34.4	14.4	0
214	35	14.4	0
215	35	15	0
216	26.7	14.4	0.1
217	32.2	11.1	0
218	32.8	14.4	0.03
219	32.8	12.8	0
220	32.2	11.1	0
221	33.3	13.3	0
222	36.7	13.3	0
223	36.7	17.2	0
224	35.6	17.2	0.03
225	35.6	15.6	0
226	38.3	16.7	0
227	37.8	17.8	0.03
228	31.7	12.8	0
229	27.8	12.2	0
230	28.9	8.9	0
231	31.7	10	0
232	33.3	13.9	0
233	32.8	14.4	0.03
234	26.7	14.4	0.1
235	27.8	9.4	0
236	32.2	10.6	0
237	31.1	12.8	0
238	32.8	11.1	0
239	32.2	13.3	0.03
240	30.6	10.6	0
241	30	11.1	0
242	26.1	10.6	0.05
243	27.8	7.2	0
244	29.4	8.9	0
245	29.4	11.1	0
246	30.6	10	0
247	31.7	11.7	0
248	31.1	12.8	0.3
249	23.3	12.8	0
250	26.7	7.2	0
251	24.4	10	0.13
252	19.4	1.1	0
253	17.8	6.1	0.41
254	20	5	0
255	20	5	0
256	17.2	-0.6	0
257	21.1	-0.6	0
258	20.6	5	0
259	21.7	8.3	0
260	18.9	2.2	0
261	15	-4.4	0
262	18.3	-0.6	0
263	21.7	2.2	0
264	22.8	1.7	0
265	23.9	2.8	0
266	26.7	3.3	0
267	25.6	6.7	0
268	25.6	5	0
269	27.8	8.3	0
270	27.8	8.9	0
271	27.2	8.3	0
272	26.1	9.4	0
273	26.1	5	0
274	28.3	11.1	0
275	26.1	8.3	0
276	25	7.8	0
277	24.4	5.6	0
278	25	5.6	0
279	24.4	5.6	0
280	22.2	6.7	0
281	23.3	6.7	0
282	22.2	5.6	0
283	21.7	1.7	0.1
284	10.6	-4.4	0
285	16.1	1.1	0
286	15	-2.2	0
287	14.4	-0.6	0
288	13.3	-2.8	0
289	14.4	1.1	0
290	21.1	2.8	0
291	23.3	4.4	0
292	22.2	6.7	0
293	21.1	4.4	0
294	25	6.7	0
295	24.4	5	0
296	24.4	5.6	0
297	18.9	-4.4	0
298	10.6	-4.4	0
299	13.9	-3.9	0
299	10.6	1.1	0
300	12.8	3.3	0
301	11.1	2.2	0
302	4.4	-7.8	0
303	1.1	-12.2	0
304	1.1	-13.9	0
305	3.9	-12.2	0
306	1.7	-3.3	0.13
307	0.6	-9.4	0
308	1.1	-14.4	0
309	1.1	-16.7	0
310	4.4	-13.3	0
311	7.8	-8.3	0
312	6.1	-3.3	0
313	5	-0.6	0.03
314	8.3	-3.3	0
315	7.2	-8.3	0
316	8.9	-5	0.03
317	0.6	-1.7	0.25
318	1.7	-2.2	0.03
319	2.8	-0.6	0.15
320	5.6	-5.6	0
321	5.6	-7.8	0
322	11.1	-2.8	0
323	10	1.1	0
324	1.1	-11.1	0
325	-5	-13.9	0
326	-5.6	-16.7	0
327	-2.8	-12.8	0
328	-6.1	-16.1	0
329	0	-11.7	0
330	-1.1	-12.8	0
331	0	-10	0
332	1.7	-6.1	0
333	3.9	0	0.05
334	10	1.1	0
335	6.1	-3.3	0
336	5	-2.2	0
337	3.9	-3.9	0
338	6.1	-4.4	0
339	3.9	0	0.58
340	2.8	0	0.74
341	2.2	-5.6	0
342	-1.1	-8.9	0
343	-1.7	-5.6	0.05
344	-0.6	-7.2	0.08
345	-2.2	-4.4	0.03
346	0.6	-3.3	0.69
347	2.2	-2.2	0.08
348	-1.1	-9.4	0
349	-3.3	-12.2	0
350	0	-10	0
351	3.3	-11.1	0
352	8.9	-8.3	0
353	3.9	-5	0
354	5	-4.4	0
355	0.6	-11.1	0
356	5.6	-10.6	0
357	2.2	-8.3	0
358	0.6	-2.8	0.81
359	0	-4.4	0
360	-4.4	-10.6	0
361	-6.7	-18.3	0
362	-2.8	-11.1	0.25
363	-2.2	-10	0.05
364	-2.8	-12.8	0.53
365	-1.1	-6.1	0.76
