#weather for site US Sheep Experiment Station year = 1981
#DOY Tmax(C) Tmin(C) PPT(cm)
1	8.9	-3.3	0
2	6.7	-4.4	0
3	2.2	-1.7	0.08
4	-0.6	-6.1	0
5	-3.3	-5	0
6	2.2	-6.7	0
7	0	-9.4	0
8	2.2	-8.9	0
9	7.2	-7.8	0
10	8.9	-6.7	0
11	8.9	-8.3	0
12	6.7	-5.6	0
13	5.6	-6.1	0
14	6.1	-7.2	0
15	4.4	-8.9	0
16	5.6	-6.1	0
17	5.6	-6.7	0
18	5	-6.1	0
19	8.9	-5.6	0
20	8.9	-5.6	0
21	11.7	-3.3	0
22	7.2	-2.8	0
23	3.9	-2.8	1.14
24	-1.1	-8.9	0
25	-3.3	-8.3	0
26	-0.6	-12.2	0
27	1.1	-2.8	1.14
28	2.8	-2.2	0
29	0.6	-3.3	1.09
30	4.4	-8.9	0
31	3.3	-8.9	0
32	-1.7	-10.6	0
33	-1.1	-15.6	0
34	-1.1	-13.3	0
35	0.6	-16.1	0
36	-2.2	-12.2	0
37	-3.9	-12.2	0
38	-2.2	-8.3	0
39	-3.9	-12.8	0
40	-12.2	-25.6	0
41	-6.7	-21.7	0
42	-1.7	-15	0
43	5	-5.6	0
44	5.6	-0.6	0.66
45	3.9	-5.6	0
46	3.9	-1.7	0
47	7.2	-0.6	0
48	4.4	-5	0
49	10	1.1	0
50	6.1	-7.2	0.48
51	2.2	-8.3	0
52	0.6	-6.7	0
53	6.1	-1.7	0
54	10.6	-2.2	0
55	10	-5	0
56	5	-0.6	0
57	3.9	-2.8	0.3
58	5.6	-6.7	0
59	6.7	-6.1	0
60	8.3	-6.7	0
61	8.3	-3.9	0
62	8.9	-5.6	0
63	8.3	-2.8	0
64	7.2	-1.1	0
65	8.9	-2.8	0
66	10	-3.9	0
67	8.3	-1.1	0
68	11.1	-3.3	0
69	13.3	-3.3	0
70	13.3	-2.8	0
71	13.3	-3.9	0
72	13.3	-3.9	0
73	13.3	-3.9	0
74	12.2	-1.1	0.56
75	4.4	-1.7	0
76	5	-6.1	0
77	7.8	-2.8	0
78	3.9	0.6	0.36
79	3.3	-2.8	0.08
80	8.9	-0.6	0.05
81	9.4	-3.9	0
82	11.1	-2.8	0
83	10.6	-0.6	0
84	8.9	0	0.25
85	7.2	0.6	0
86	11.7	-2.2	0
87	11.1	-2.8	0.15
88	5	-6.7	0
89	6.7	-7.2	0
90	7.2	-0.6	0
91	12.8	-0.6	0
92	6.7	-6.1	0
93	6.1	-7.8	0
94	12.8	-6.1	0
95	12.2	-3.9	0
96	5.6	-3.9	0
97	7.8	-8.3	0
98	10	1.7	0
99	7.8	-5.6	0
100	13.9	0.6	0
101	13.3	-2.8	0
102	12.2	-2.8	0
103	18.3	-3.9	0
104	21.7	1.7	0
105	20	2.8	0
106	18.9	1.7	0
107	21.1	4.4	0
108	18.9	6.7	0.41
109	17.8	1.7	3.18
110	12.8	3.9	0
111	14.4	0	0
112	20.6	4.4	0
113	20	5.6	0
114	18.3	6.7	0
115	16.1	4.4	0.25
116	NA	NA	NA
117	14.4	5	0.03
118	15.6	0.6	0
119	20	4.4	0
120	22.8	6.7	0
121	26.1	7.2	0
122	25	7.8	0
123	21.1	2.2	0
124	17.8	0.6	0
125	17.8	2.2	0
126	15.6	1.7	0
127	12.2	0	0.99
128	10	-3.3	0.15
129	15.6	-1.7	0
130	16.1	1.7	0
131	11.7	1.7	0.91
132	6.7	-0.6	0
133	13.3	0	0
134	17.2	3.3	0
135	17.2	5.6	0.53
136	10.6	3.3	0.33
137	13.3	3.9	0.23
138	16.7	3.9	0
139	20	7.8	0.3
140	15	5	0.58
141	13.9	5.6	1.78
142	13.9	5.6	0
143	19.4	5	0
144	21.1	6.7	0
145	20	9.4	0.69
146	14.4	8.9	2.92
147	19.4	5	0.08
148	22.2	6.7	0
149	23.3	8.3	0
150	23.9	8.3	0
151	23.3	6.7	0
152	22.2	3.3	0
153	19.4	6.7	0
154	18.9	7.8	0.15
155	21.7	4.4	0
156	25	6.7	0
157	24.4	10.6	0
158	21.1	10	0
159	17.8	9.4	0
160	19.4	3.9	0.05
161	20.6	5	0
162	23.3	6.1	0
163	22.8	11.1	0
164	16.7	1.1	0.61
165	11.1	-2.2	0
166	16.7	-0.6	0
167	21.1	3.3	0.1
168	17.8	-0.6	0
169	21.7	3.9	0
170	25.6	7.2	0
171	24.4	8.3	0
172	22.8	11.1	0
173	28.3	18.3	0
174	28.9	8.9	0
175	27.2	6.7	0
176	32.8	7.8	0
177	33.3	18.9	0
178	34.4	20	0
179	26.7	9.4	0
180	27.2	6.1	0
181	31.7	11.1	0
182	30	15	0.05
183	28.9	11.1	0
184	30.6	11.1	0
185	33.3	9.4	0
186	33.9	13.9	0
187	28.9	15.6	0.05
188	28.3	12.8	0.43
189	23.3	0	0
190	31.1	7.2	0
191	31.7	12.8	0
192	31.7	14.4	0
193	32.2	13.9	0
194	30	13.9	0
195	28.3	7.2	0
196	28.3	8.3	0
197	32.8	10.6	0
198	32.2	16.1	0.1
199	29.4	13.3	0.15
200	30	10	0
201	31.7	12.2	0
202	30	12.8	0
203	31.1	12.2	0
204	31.1	12.8	0
205	31.1	12.8	0
206	27.2	10	0.66
207	22.2	11.1	0.15
208	27.2	7.2	0
209	31.7	11.1	0
210	33.3	13.3	0
211	31.7	11.7	0
212	30.6	10	0
213	33.3	13.3	0
214	33.3	13.3	0
215	31.7	10.6	0
216	30.6	15.6	0
217	31.7	13.3	0
218	33.3	15	0
219	32.8	14.4	0
220	32.8	16.1	0
221	28.9	13.9	0
222	29.4	10	0
223	33.3	11.7	0
224	32.8	14.4	0
225	32.2	12.8	0
226	30	11.7	0.13
227	30	10	0
228	32.2	12.8	0
229	32.2	13.3	0
230	33.9	11.7	0
231	32.8	14.4	0
232	31.7	13.3	0
233	30	13.9	0.25
234	29.4	9.4	0
235	31.7	12.8	0
236	32.2	14.4	0
237	34.4	13.3	0
238	35	13.9	0
239	34.4	12.8	0
240	32.8	12.2	0
241	32.8	12.8	0
242	31.1	13.9	0
243	23.9	5	0
244	28.9	12.2	0
245	27.8	10.6	0
246	26.7	4.4	0
247	29.4	10.6	0
248	25.6	13.9	0
249	28.3	10	0
250	30	9.4	0
251	30	10	0
252	28.9	10	0
253	28.9	9.4	0
254	28.9	9.4	0
255	30	8.9	0
256	30	10.6	0
257	29.4	12.2	0
258	30	11.1	0
259	31.1	11.1	0
260	31.7	10	0
261	30.6	10	0
262	30	10	0
263	20.6	2.8	0
264	20	2.2	0
265	20.6	6.7	0
266	19.4	0.6	0
267	22.2	7.8	0
268	18.9	1.1	1.12
269	15.6	-2.8	0
270	23.3	3.3	0
271	20.6	4.4	0
272	16.7	5	0.13
273	15.6	1.1	0
274	18.3	-0.6	0
275	19.4	5	0
276	18.9	4.4	0.03
277	11.7	-1.7	0
278	11.7	-3.3	0
279	17.8	-3.3	0
280	16.1	6.7	0.3
281	9.4	2.2	0.94
282	12.8	-2.2	0
283	12.2	2.8	0.41
284	9.4	4.4	1.12
285	7.8	0	1.09
286	7.8	-1.7	0
287	9.4	-2.2	0
288	12.2	-2.2	0
289	14.4	1.7	0
290	15.6	2.8	0
291	15	-0.6	0
292	15.6	0	0
293	16.1	0	0
294	15	-3.9	0
295	10.6	-3.9	0
296	10.6	-3.9	0
297	10.6	-3.3	0
298	10.6	0	0
298	11.7	-4.4	0
299	15.6	2.2	0
300	17.2	1.7	0
301	13.3	1.1	0
302	7.2	-3.9	0.25
303	15.6	-2.8	0
304	16.1	-2.8	0
305	18.3	-2.8	0
306	16.1	0	0
307	13.9	0	0
308	16.7	3.9	0
309	16.7	0	0
310	11.7	-2.2	0
311	11.7	-2.2	0
312	11.1	-1.7	0
313	12.2	-1.1	0
314	12.2	-1.1	0
315	10.6	-0.6	0
316	8.3	3.3	0.76
317	11.7	1.7	0.38
318	1.7	-3.9	0.36
319	10	0	0.05
320	7.8	2.8	0
321	6.7	-2.2	0.13
322	3.9	-6.1	0
323	0.6	-3.3	0.18
324	1.7	-1.1	0.28
325	7.8	0	0
326	4.4	-3.9	0.23
327	1.1	-1.1	0.69
328	0	-7.2	0.1
329	-1.7	-12.8	0
330	-3.9	-12.2	0.13
331	0	-11.7	0.05
332	-1.1	-15.6	0
333	-6.7	-15.6	0.03
334	-5.6	-12.8	0.18
335	-1.7	-11.7	0
336	-0.6	-13.9	0
337	5	-11.1	0
338	3.3	-3.9	0
339	7.2	-2.8	0
340	5	-4.4	0
341	6.7	-3.3	0
342	8.3	-2.8	0
343	5.6	-2.2	0
344	2.8	-5	0
345	-1.1	-7.2	0
346	1.1	-8.9	0.41
347	1.1	-2.8	0.43
348	3.9	-6.7	0.38
349	2.2	-7.8	0
350	-2.2	-16.1	0
351	-1.1	-12.8	0
352	1.1	-5	0.28
353	3.3	0	0.76
354	1.1	-3.3	0
355	-1.1	-12.2	0
356	-6.7	-17.8	0
357	-4.4	-13.3	0.3
358	-4.4	-12.2	0
359	-6.7	-15	0.61
360	-9.4	-17.2	0
361	-9.4	-20.6	0
362	-6.1	-17.8	0.36
363	-3.3	-10	0.05
364	-6.7	-18.9	0
365	-5.6	-10.6	0.33
