#weather for site US Sheep Experiment Station year = 1932
#DOY Tmax(C) Tmin(C) PPT(cm)
1	-9999	-9999	0
2	-5.6	-20.6	0
3	-10	-18.3	0.15
4	-11.1	-17.8	0.08
5	-10	-16.7	0
6	-7.2	-17.2	0
7	-3.3	-9.4	0
8	-1.1	-7.2	0
9	0	-11.1	0
10	-3.9	-9.4	0.25
11	0.6	-11.7	0.2
12	-9.4	-15	0
13	-10	-17.2	0
14	-10.6	-16.1	0
15	-8.3	-13.9	0
16	-8.9	-17.2	0.25
17	-2.8	-12.2	0
18	-0.6	-4.4	0.48
19	-1.1	-6.7	0
20	-3.9	-16.7	0
21	-6.1	-17.8	0.03
22	-8.9	-20	0
23	-10.6	-23.9	0
24	-7.2	-22.8	0
25	-7.8	-19.4	0
26	-6.1	-12.8	0.28
27	-11.7	-20.6	0
28	-15	-25	0
29	-7.2	-23.3	0.05
30	-3.9	-16.1	0.2
31	-1.1	-7.2	1.12
32	-3.9	-9.4	0
33	-5	-19.4	0
34	-9.4	-20.6	0
35	-6.1	-15.6	0.03
36	-1.7	-8.3	0
37	-0.6	-11.7	0
38	-2.2	-9.4	0
39	-1.7	-5.6	0
40	0.6	-8.9	0.05
41	-8.9	-20	0
42	-9.4	-18.9	0
43	-6.7	-15	0
44	-9.4	-17.2	0
45	-5.6	-23.9	0
46	-7.8	-14.4	0
47	-6.1	-20.6	0
48	-3.9	-20	0
49	-3.3	-17.8	0
50	-1.7	-17.2	0
51	-0.6	-14.4	0
52	3.3	-12.8	0
53	5	-8.9	0
54	5	-9.4	0
55	2.2	-10	0
56	3.3	-5.6	0
57	8.3	-3.9	0
58	10	-3.9	0
59	2.8	-3.3	0.05
60	-1.1	-14.4	0
61	-1.7	-10.6	0.36
62	-3.3	-11.7	0
63	-7.2	-21.1	0
64	2.2	-11.1	0
65	3.9	-10	0
66	1.1	-11.1	0
67	-1.1	-17.2	0
68	-3.3	-18.9	0
69	-8.3	-17.8	0
70	-6.7	-17.8	0
71	-2.2	-18.9	0
72	-0.6	-16.7	0
73	5.6	-8.3	0
74	1.1	-7.2	0
75	-0.6	-6.1	0.03
76	3.9	-4.4	0
77	1.7	-5	0
78	1.7	0	0.05
79	4.4	-3.3	0
80	4.4	-6.1	0
81	2.8	-9.4	0
82	3.3	-3.9	0
83	3.9	-6.1	0.08
84	1.7	-9.4	0
85	1.7	-9.4	0
86	2.2	-9.4	0
87	3.3	-4.4	0
88	5.6	-5	0.08
89	3.3	-5	0
90	4.4	-3.3	0
91	6.1	0	0
92	8.9	0	0
93	7.2	-1.7	0
94	5	-5	0
95	5	-2.8	0.05
96	3.3	-6.7	0
97	4.4	-6.1	0
98	6.1	-2.2	0
99	4.4	-6.1	0
100	8.9	-5	0
101	11.1	-6.1	0
102	15	1.7	0
103	16.7	1.1	0
104	12.2	3.9	0
105	12.2	-2.2	0
106	21.1	0	0
107	17.2	7.2	0
108	12.8	0	0
109	15.6	-0.6	0
110	10	-0.6	1.42
111	5.6	-0.6	0.08
112	5.6	-1.7	0.05
113	7.2	-1.7	0
114	11.1	-1.7	0
115	13.9	-1.1	0
116	13.3	1.7	0
117	12.2	0	0.46
118	11.7	4.4	0.13
119	10	0	0
120	11.7	0	0.03
121	15	4.4	0
122	12.2	3.3	0.48
123	15.6	3.3	0.1
124	14.4	2.2	0.03
125	13.9	3.9	0
126	11.1	3.9	0
127	17.8	2.2	0
128	19.4	3.3	0
129	21.1	4.4	0
130	22.8	4.4	0
131	23.9	5.6	0
132	25	5.6	0
133	25	6.7	0.03
134	20	7.8	0.05
135	15.6	0	0
136	20	2.2	0
137	23.3	3.3	0
138	23.9	8.3	0
139	22.8	7.2	0
140	23.9	7.8	0.05
141	26.7	8.9	0
142	11.1	1.1	0.66
143	15.6	0	0
144	15.6	3.3	0
145	12.8	0	0
146	9.4	0.6	0
147	13.3	0	0
148	21.7	3.9	0.36
149	21.7	5	0
150	22.2	5	0.13
151	15.6	0	0
152	12.8	4.4	0.43
153	16.7	2.2	0
154	22.2	4.4	0
155	22.8	5.6	0.05
156	18.9	6.1	0.2
157	11.7	0	1.75
158	8.3	0.6	0
159	15.6	3.3	0.97
160	15.6	3.9	0.69
161	16.7	5.6	0
162	17.8	5.6	0.33
163	20.6	6.1	0
164	23.3	5.6	0
165	26.1	6.7	0
166	25	11.1	0
167	18.9	8.9	0.23
168	20	5.6	0.08
169	21.1	5	0
170	21.7	7.8	0.1
171	23.3	5	0
172	26.1	7.2	0
173	30	9.4	0
174	31.7	13.9	0
175	31.7	15	0
176	29.4	11.7	0
177	29.4	11.7	0
178	28.9	10.6	0.36
179	30.6	12.8	0
180	31.1	13.3	0
181	30.6	15	0
182	32.2	12.8	0
183	30	14.4	0
184	27.8	8.3	0
185	25	6.1	0
186	25.6	3.9	0
187	28.9	4.4	0
188	30.6	8.9	0
189	31.7	11.7	0
190	29.4	12.8	0
191	31.1	12.8	0
192	22.8	10	4.29
193	25	9.4	0.48
194	23.9	8.3	0.89
195	22.8	6.7	0.03
196	27.8	9.4	0
197	30	8.9	0
198	31.7	10.6	0
199	28.9	13.9	0.1
200	24.4	12.8	0.61
201	21.1	3.9	0
202	27.8	6.7	0
203	30.6	12.8	0
204	28.3	12.2	0
205	29.4	11.7	0
206	30.6	10.6	0
207	31.7	11.1	0
208	32.8	12.8	0
209	30.6	12.2	0
210	31.1	11.7	0
211	29.4	12.8	0
212	23.3	11.1	0
213	27.2	5.6	0
214	27.8	10	0
215	30.6	11.1	0
216	31.1	15	0
217	30	13.3	0
218	29.4	11.7	0
219	31.1	10.6	0
220	32.2	11.7	0
221	30.6	14.4	0
222	30	13.3	0.15
223	24.4	5.6	0
224	27.2	6.1	0
225	30	8.3	0
226	32.2	11.1	0
227	33.3	14.4	0
228	32.8	12.2	0
229	33.9	14.4	0
230	33.3	14.4	0
231	32.2	11.1	0
232	31.7	15	0
233	31.1	13.3	0
234	30	7.8	0
235	28.9	7.8	0
236	27.8	11.1	0
237	28.3	13.3	0
238	28.3	11.1	0
239	26.1	11.7	0.94
240	20	10	0.33
241	12.2	7.8	1.85
242	14.4	0.6	0
243	17.8	0	0
244	24.4	2.8	0
245	24.4	4.4	0
246	22.2	5	0
247	25.6	5	0
248	28.3	7.2	0
249	30	8.9	0
250	28.3	11.7	0
251	28.9	7.8	0
252	20	5	0
253	24.4	5.6	0
254	27.2	6.1	0
255	25.6	7.8	0
256	24.4	3.9	0
257	25.6	5.6	0
258	27.2	7.8	0
259	27.2	8.9	0
260	33.3	6.7	0
261	26.7	5	0
262	15	0.6	0
263	18.3	5	0
264	19.4	1.7	0
265	22.8	3.3	0
266	20.6	7.2	0.05
267	21.7	3.9	0
268	20.6	8.9	0
269	21.1	5	0
270	22.8	5	0
271	24.4	6.7	0
272	25	6.7	0
273	23.9	6.1	0
274	24.4	5.6	0
275	23.3	5.6	0
276	23.3	5.6	0
277	17.8	-1.1	0
278	20	1.7	0
279	20	3.3	0
280	16.7	1.7	0.41
281	5	-1.7	0
282	8.9	-3.3	0.03
283	6.7	-5	0
284	13.9	-1.7	0
285	17.8	0.6	0
286	19.4	1.7	0
287	18.3	2.8	0
288	16.1	0	0
289	13.3	1.1	0.25
290	8.9	0	0
291	2.8	-0.6	0
292	6.7	-5	0
293	7.2	-8.9	0
294	12.8	-3.3	0
295	14.4	-3.3	0
296	12.2	-6.7	0
297	6.7	-7.2	0
298	2.8	-8.9	0
299	10.6	-3.9	0
300	14.4	-5.6	0
301	11.7	-2.2	0
302	6.7	-5.6	0
303	10	-7.2	0
304	3.9	-10	0
305	9.4	-2.8	0
306	11.1	-1.1	0
307	9.4	-6.7	0
308	6.1	-10.6	0
309	3.3	-1.1	0.25
310	8.3	-1.1	0
311	5	-4.4	0
312	2.2	-7.2	0
313	7.8	-2.2	0
314	2.2	-8.3	0
315	-3.3	-13.9	0.1
316	2.8	-6.7	0
317	9.4	-4.4	0
318	5.6	-6.1	0
319	0	-12.2	0.38
320	-0.6	-3.9	0.13
321	2.8	-2.2	0
322	2.8	-2.2	0.05
323	3.3	0	0
324	3.9	-1.7	0
325	7.8	-2.8	0
326	5.6	-5	0
327	3.3	-8.9	0
328	7.8	-7.2	0
329	8.3	-2.8	0
330	10.6	-3.9	0
331	10.6	-1.1	0
332	11.1	-0.6	0
333	12.2	-1.1	0
334	12.2	0.6	0
335	3.3	-7.2	0
336	0	-5.6	0
337	5.6	-6.1	0
338	-0.6	-5.6	0
339	1.7	-5.6	0
340	-3.9	-13.3	0
341	-8.3	-19.4	0
342	-18.9	-26.7	0
343	-20	-25.6	0.1
344	-17.8	-22.8	0
345	-15.6	-26.1	0
346	-15	-25.6	0
347	-10.6	-25.6	0
348	-3.9	-20	0
349	-2.2	-16.1	0
350	-5.6	-19.4	0
351	-2.8	-16.7	0
352	-3.9	-15	0.15
353	-3.9	-9.4	0
354	-3.3	-11.1	0.15
355	-0.6	-13.3	0
356	-5.6	-15.6	0
357	-2.2	-12.8	0.28
358	-5	-10.6	0
359	-6.7	-14.4	0
360	-6.7	-12.2	0
361	-3.3	-12.8	0.51
362	-2.2	-10.6	0
363	-7.8	-13.3	0
364	-2.8	-13.3	0
365	-3.3	-15	0
366	-4.4	-13.3	0
