#weather for site US Sheep Experiment Station year = 1960
#DOY Tmax(C) Tmin(C) PPT(cm)
1	-11.1	-18.9	0
2	-10	-16.7	0
3	-11.7	-20	0.05
4	-8.3	-17.2	0
5	-9.4	-11.7	0.1
6	-6.1	-10.6	0
7	0	-6.7	0.08
8	0.6	-5.6	0.13
9	1.7	-10.6	0
10	-1.7	-5	0.05
11	-1.7	-6.7	1.47
12	-6.7	-13.3	0.15
13	-8.3	-20.6	0
14	-8.9	-15	0.46
15	-10.6	-21.7	0.13
16	-12.2	-21.7	0
17	-12.2	-18.9	0
18	-9.4	-26.1	0
19	-6.1	-21.1	0
20	-4.4	-21.7	0
21	-3.9	-8.9	0
22	-1.1	-10	0
23	1.7	-4.4	0
24	2.8	-7.2	0
25	-0.6	-3.9	0
26	-1.1	-5	0
27	-3.9	-12.2	0
28	0.6	-6.1	0
29	1.7	-6.1	0
30	1.1	-6.7	0
31	-1.1	-8.3	0
32	1.7	-7.8	0.41
33	-1.1	-8.9	0
34	-2.2	-12.8	0
35	-3.9	-12.8	0.13
36	-3.3	-8.3	0
37	-1.1	-7.8	0
38	0.6	-3.3	0.84
39	0.6	-8.9	0.13
40	-0.6	-11.7	0
41	-1.7	-8.9	0
42	-4.4	-11.1	0
43	-1.7	-9.4	0.03
44	-5	-18.9	0
45	-1.7	-14.4	0.05
46	-5	-15	0
47	-5.6	-16.7	0
48	-6.1	-17.2	0
49	-2.2	-13.3	0
50	-6.1	-17.2	0
51	-2.8	-12.2	0
52	-5.6	-11.1	0
53	-6.7	-15	0
54	-8.9	-20.6	0.13
55	-11.7	-15	0.56
56	-15	-21.1	0
57	-15.6	-23.3	0
58	-13.3	-23.9	0
59	-8.9	-26.7	0
60	-12.8	-21.7	0
61	-10	-22.2	0
62	-5.6	-18.9	0
63	0	-7.8	0
64	0.6	-8.3	0.46
65	1.1	-2.8	0
66	2.2	-1.7	0.18
67	1.1	-5.6	0
68	-0.6	-9.4	0
69	-3.9	-16.1	0
70	-2.2	-17.2	0
71	0	-10	0
72	6.1	-8.9	0
73	-0.6	-5	0
74	-2.8	-11.7	0.51
75	0	-7.8	0
76	0.6	-8.9	0
77	2.2	-7.2	0
78	7.2	-4.4	0
79	7.8	-5	0
80	9.4	-2.8	0
81	9.4	-2.8	0
82	10	0.6	0
83	11.1	-2.2	0
84	11.7	0	0
85	16.1	0.6	0
86	13.9	0	0
87	11.7	0.6	0.51
88	5.6	-6.7	0.08
89	7.8	1.7	0
90	6.1	-2.8	0
91	7.8	-3.3	0
92	11.1	-5	0
93	15.6	-1.7	0
94	19.4	0	0
95	21.1	1.7	0
96	21.7	8.3	0
97	20	4.4	0
98	19.4	3.3	0
99	20.6	2.2	0
100	20	-0.6	0.23
101	16.7	-0.6	0
102	16.1	-1.1	0.3
103	13.9	-2.8	0
104	11.7	0	0.13
105	7.2	-6.7	0
106	5.6	-6.7	0
107	10.6	-7.2	0
108	13.9	0	0
109	13.9	3.3	0.03
110	16.7	-1.7	0
111	16.7	-1.1	0
112	14.4	-0.6	0
113	8.9	-2.2	0.18
114	3.3	-2.8	0.76
115	NA	NA	NA
116	3.9	-2.8	0.08
117	10.6	-2.8	0
118	12.2	-1.7	0.05
119	6.7	0.6	0.3
120	8.9	-2.2	0.03
121	14.4	-3.9	0
122	15.6	-1.1	0
123	10.6	2.2	0.15
124	11.1	1.1	1.45
125	11.1	2.8	0.13
126	12.8	2.8	0
127	16.7	0.6	0
128	15.6	2.8	0
129	17.2	3.9	0
130	21.1	2.8	0
131	NA	NA	NA
132	NA	NA	NA
133	NA	NA	NA
134	NA	NA	NA
135	NA	NA	NA
136	NA	NA	NA
137	NA	NA	NA
138	NA	NA	NA
139	15	-5.6	0.1
140	13.9	-1.7	0
141	18.3	0.6	0
142	17.2	0.6	0.18
143	11.1	-1.7	0.28
144	11.7	4.4	0.2
145	13.9	-1.7	0
146	15.6	-0.6	0
147	18.3	1.7	0
148	17.8	5.6	0.05
149	17.8	2.8	0
150	23.9	1.7	0
151	25	8.3	0
152	25	7.2	0
153	26.1	9.4	0
154	27.8	11.1	0
155	28.3	10	0
156	27.8	8.9	0
157	25	8.3	0
158	26.7	7.2	0
159	25.6	8.9	0
160	23.3	8.3	1.17
161	20.6	5	0
162	21.7	8.9	0.08
163	20	5.6	0.36
164	22.2	5	0.03
165	27.2	7.2	0
166	25	13.3	0
167	20.6	9.4	0.03
168	27.2	5	0
169	26.7	12.8	0
170	26.7	2.2	0
171	26.7	12.2	0.36
172	24.4	5.6	0
173	20	-2.8	0
174	22.8	7.8	0
175	26.1	7.8	0
176	30	8.9	0
177	30	5.6	0
178	27.8	10	0
179	28.3	8.3	0
180	28.9	8.9	0
181	27.2	13.9	0
182	30.6	9.4	0
183	29.4	9.4	0
184	27.2	10	0
185	26.7	10.6	0
186	28.3	11.1	0
187	27.2	12.2	0
188	28.9	11.1	0
189	29.4	10.6	0
190	30.6	11.1	0
191	32.2	13.9	0
192	29.4	14.4	0
193	30.6	10.6	0
194	31.7	12.2	0
195	31.7	11.7	0
196	31.7	12.2	0
197	35.6	12.2	0
198	35	16.1	0
199	32.2	16.7	0
200	33.3	16.1	0
201	36.1	15	0
202	37.8	16.1	0
203	36.7	15.6	0
204	36.1	13.9	0
205	31.1	16.7	0
206	31.7	10	0
207	31.1	12.8	0
208	33.3	17.2	0
209	33.3	17.8	0.08
210	29.4	16.1	0.13
211	31.7	12.2	0
212	32.2	16.7	0
213	30.6	14.4	0.03
214	29.4	13.9	0
215	26.7	8.9	0
216	32.8	11.1	0
217	30.6	10	0
218	30.6	12.2	0
219	28.3	11.1	0
220	31.1	11.7	0
221	30	8.9	0
222	29.4	11.7	0
223	30	13.3	0
224	33.3	10.6	0
225	33.3	16.7	0
226	32.2	15	0
227	31.1	16.1	0
228	32.8	12.2	0.08
229	20.6	5	0.41
230	22.8	4.4	0
231	27.8	6.7	0
232	30.6	10.6	0
233	32.8	10.6	0
234	31.1	15	0
235	28.3	6.7	0.91
236	12.8	2.2	0.36
237	17.2	3.9	0
238	17.2	1.7	0
239	24.4	2.8	0
240	23.3	4.4	0
241	18.3	1.7	0
242	25.6	3.9	0
243	30.6	8.3	0
244	30	12.2	0.13
245	22.8	10	0.13
246	26.1	12.2	0
247	27.8	13.3	0.13
248	25.6	12.2	0.18
249	25.6	3.9	0
250	26.7	5.6	0
251	26.1	6.1	0
252	20	6.1	0
253	24.4	5	0
254	26.7	6.1	0
255	27.2	11.1	0
256	27.2	10	0
257	26.7	13.9	0.15
258	20	7.8	0.18
259	23.3	5	0
260	21.7	9.4	0
261	20.6	7.2	0
262	22.2	5.6	0
263	26.1	6.1	0
264	26.1	8.3	0
265	22.2	6.1	0
266	17.8	1.7	0
267	18.9	3.3	0
268	21.1	1.7	0
269	25.6	6.1	0
269	20.6	7.2	0
270	26.7	7.8	0
271	26.7	10	0
272	24.4	8.3	0
273	23.3	4.4	0
274	21.7	5.6	0
275	21.1	5	0
276	22.8	3.9	0
277	23.9	3.3	0
278	23.9	5	0
279	22.8	5	0
280	20	7.8	0.05
281	16.1	3.3	0.23
282	4.4	0	0.41
283	7.8	0	0.1
284	6.7	0.6	1.57
285	7.2	1.7	0.18
286	4.4	-2.2	0.1
287	7.2	-3.9	0
288	11.7	-3.3	0
289	16.1	1.7	0
290	17.8	3.3	0
291	16.7	-3.9	0
292	13.9	-1.7	0
293	13.9	2.2	0
294	11.7	2.8	0
295	17.2	2.2	0
296	17.8	1.1	0
297	15.6	2.2	0
298	12.8	-1.1	0
299	17.8	2.2	0
300	8.9	-5	0
301	5.6	-1.1	0.15
302	1.7	-5	0.03
303	2.2	-10	0
304	5.6	-3.9	0
305	8.3	-2.2	0.03
306	5.6	-5	0
307	4.4	0	0
308	3.9	-5	0
309	11.1	-8.3	0
310	13.9	-2.8	0
311	8.9	2.2	0.36
312	1.7	-1.7	0
313	0	-10.6	0
314	1.7	-2.2	0
315	0.6	-1.1	0.86
316	2.2	-0.6	0.76
317	2.8	-0.6	0.56
318	3.3	-1.1	0.13
319	-0.6	-8.3	0
320	1.1	-7.8	0
321	1.1	-3.9	0
322	1.1	-0.6	1.07
323	0	-11.7	0
324	0.6	-6.1	0
325	1.7	-3.9	0
326	-0.6	-12.2	0
327	0	-7.8	0.13
328	5.6	-2.8	0.13
329	10	1.7	0
330	5	1.1	0
331	2.8	-3.3	0
332	-3.3	-13.3	0
333	-1.1	-10	0
334	5	-3.9	0
335	7.2	-3.9	0
336	1.7	-0.6	0.53
337	-0.6	-2.8	0.03
338	-2.8	-6.7	0.05
339	-7.8	-10	0
340	-6.1	-17.8	0
341	-1.1	-16.1	0
342	2.8	-10.6	0
343	4.4	-10	0
344	1.1	-13.3	0
345	1.1	-12.2	0
346	1.7	-11.7	0
347	2.8	-10	0
348	0.6	-9.4	0
349	-1.1	-13.9	0
350	-2.8	-16.7	0
351	-4.4	-8.9	0
352	-1.1	-6.7	0.18
353	1.7	-7.8	0
354	-1.7	-13.3	0.15
355	-2.8	-6.7	0
356	-2.8	-7.2	0
357	2.2	-5.6	0
358	4.4	-8.3	0
359	1.7	-9.4	0
360	-1.7	-10	0.15
361	-0.6	-7.2	0.05
362	-4.4	-13.9	0
363	-6.1	-16.7	0.05
364	-5	-15	0.03
365	-4.4	-15	0
366	-8.3	-17.2	0
