#weather for site US Sheep Experiment Station year = 2011
#DOY Tmax(C) Tmin(C) PPT(cm)
1	-6.7	-12.2	0
2	-5.6	-14.4	0
3	-6.7	-12.2	0.03
4	-4.4	-8.9	0
5	-1.7	-7.2	0
6	2.2	-5.6	0
7	0.6	-6.7	0
8	-4.4	-10.6	0
9	-8.9	-12.8	0
10	-6.7	-13.3	0
11	-3.3	-10	0
12	-0.6	-4.4	0
13	-0.6	-1.7	0
14	0	-1.7	0.05
15	1.7	-1.1	0
16	2.8	-3.9	0.03
17	1.7	-3.3	0
18	1.7	-6.1	0
19	-3.3	-12.2	0
20	-1.7	-6.1	0.51
21	2.2	-7.8	0
22	1.1	-9.4	0
23	-3.3	-10.6	0.05
24	0.6	-3.3	0.1
25	-1.1	-4.4	0
26	0	-3.3	0
27	-1.1	-2.8	0
28	-1.1	-3.3	0
29	3.3	-5.6	0
30	-2.2	-12.2	0
31	-8.9	-15	0
32	-10	-17.2	0
33	-5.6	-15.6	0
34	-3.3	-10	0
35	2.2	-8.3	0
36	-1.1	-7.8	0
37	-3.3	-5.6	0.05
38	-3.3	-10.6	0
39	-7.8	-17.2	0
40	-7.2	-17.2	0
41	-1.7	-8.9	0
42	0.6	-8.3	0
43	-1.1	-4.4	0
44	3.9	-4.4	0
45	5	-4.4	0
46	4.4	-3.9	0
47	3.3	-10	0
48	0	-7.2	0
49	3.3	-5.6	0.36
50	1.1	-8.9	0.15
51	-3.9	-11.1	0.05
52	-3.3	-10	0.03
53	-3.9	-13.9	0
54	-5	-15	0
55	-4.4	-13.9	0
56	-6.1	-15.6	0
57	-7.2	-11.7	0
58	-1.1	-10.6	0
59	1.1	-6.7	0
60	2.2	-5	0
61	2.2	0	0.1
62	1.1	-4.4	0
63	2.8	-1.7	0
64	5.6	-2.8	0
65	4.4	-4.4	0
66	3.3	-5	0
67	0.6	-6.1	0
68	6.7	-0.6	0
69	3.3	-4.4	0.1
70	3.3	-6.7	0
71	3.9	-6.7	0
72	NA	NA	NA
73	5.6	1.7	0
74	4.4	-1.1	0
75	3.3	1.7	0.69
76	3.3	-5.6	0.08
77	5	-3.9	0
78	5	0.6	0
79	4.4	-5.6	0
80	5.6	2.2	0.25
81	7.8	0	0.48
82	6.7	-3.3	0
83	3.3	-2.2	0.08
84	5	0.6	0.23
85	4.4	-1.7	0.05
86	2.8	-1.7	0.63
87	5.6	-1.7	0.05
88	2.8	-3.9	0
89	5	-2.2	0
90	13.9	2.2	0
91	13.9	2.8	0
92	15	0.6	0
93	10	-1.7	0
94	5.6	-5	0
95	8.9	2.2	0
96	8.9	-5	0
97	7.8	-1.1	0.25
98	5.6	0	0
99	7.8	-1.1	0
100	11.1	-1.7	0
101	11.7	0	0
102	10	1.1	0
103	12.2	0	0
104	7.2	-2.2	0.28
105	10	-3.3	0
106	13.9	2.2	0
107	16.7	4.4	0
108	15.6	4.4	0.28
109	12.8	-3.3	0
110	8.9	-5.6	0
111	8.9	2.8	1.32
112	7.8	-5	0
113	10.6	-4.4	0
114	12.2	-3.3	0
115	11.7	1.1	0
116	10.6	-1.7	0.03
117	12.2	-2.8	0
118	14.4	1.7	0
119	12.8	-3.9	0
120	11.1	-1.1	0
121	11.1	-0.6	0
122	16.1	-2.8	0
123	15	2.2	0
124	13.3	1.1	0
125	18.9	0	0
126	17.8	5.6	0
127	19.4	7.8	0
128	16.1	5.6	0.63
129	8.9	3.9	0.08
130	12.2	4.4	0.66
131	17.8	3.3	0
132	18.9	2.8	0
133	22.8	5.6	0
134	22.8	8.3	0.28
135	21.1	6.7	0.61
136	18.9	2.2	0.2
137	11.7	-1.7	0
138	17.8	0.6	0
139	18.9	7.2	0
140	17.2	7.8	0
141	18.3	8.3	0
142	17.8	6.7	0
143	16.1	5.6	1.27
144	13.9	6.1	1.68
145	16.7	6.1	0.41
146	16.1	2.8	0.2
147	15	-1.1	0
148	13.3	2.8	0.18
149	13.3	4.4	0.61
150	11.7	3.3	0.79
151	18.9	2.8	0.15
152	22.8	6.7	0
153	21.1	4.4	0
154	15.6	0.6	0
155	22.2	2.8	0
156	26.1	8.3	0
157	26.1	9.4	0
158	17.8	7.8	2.39
159	15.6	8.3	0.63
160	14.4	5	0.03
161	18.3	3.3	0.03
162	20	6.1	0
163	19.4	9.4	0.51
164	17.8	7.2	0.2
165	22.2	5.6	0.03
166	22.8	6.1	0
167	22.2	6.7	0
168	16.7	2.8	0
169	18.9	4.4	0
170	20	8.3	1.17
171	20	7.2	0
172	23.9	7.2	0
173	26.1	8.9	0
174	27.2	11.1	0.25
175	25	9.4	0
176	24.4	5.6	0
177	23.3	10	0
178	25.6	7.2	0
179	31.1	11.1	0
180	30.6	12.8	0
181	28.9	8.3	0
182	25	9.4	0
183	29.4	7.8	0
184	33.9	12.2	0
185	33.3	13.3	0
186	31.1	12.2	0
187	31.1	12.2	0.2
188	30.6	11.7	0
189	29.4	11.7	0.84
190	27.2	6.1	0
191	30	8.9	0
192	29.4	10	0
193	28.9	12.2	0.1
194	28.9	11.7	0.25
195	27.8	11.1	0
196	27.8	11.1	0
197	29.4	10.6	0
198	32.2	10.6	0
199	32.2	14.4	0
200	31.7	16.7	0
201	30	9.4	0
202	29.4	7.8	0
203	28.3	9.4	0
204	27.8	9.4	0
205	32.2	8.9	0
206	33.3	13.3	0
207	31.7	12.8	0
208	29.4	10.6	0
209	27.8	11.7	0
210	32.2	10	0
211	32.2	10	0
212	27.8	13.3	0.25
213	21.7	12.2	0.36
214	26.1	8.3	0.51
215	29.4	11.1	0
216	29.4	10	0
217	26.1	9.4	0.18
218	28.9	9.4	0.2
219	28.3	8.9	0.05
220	29.4	9.4	0.08
221	27.2	11.1	0
222	27.8	9.4	0.05
223	28.9	11.7	0
224	27.8	10.6	0
225	31.1	8.9	0
226	31.1	11.1	0
227	30.6	13.9	0.15
228	26.1	9.4	0
229	30.6	8.9	0
230	30	9.4	0
231	28.9	12.2	0
232	32.2	13.3	0
233	32.2	11.7	0
234	33.3	11.7	0
235	33.3	10.6	0
236	33.3	12.2	0
237	33.3	16.7	0
238	33.9	14.4	0
239	33.9	12.2	0
240	31.7	15	0
241	31.1	12.2	0
242	30	10	0
243	28.9	12.2	0.08
244	27.8	11.1	0
245	23.3	3.3	0
246	24.4	8.3	0
247	26.7	7.2	0
248	27.8	7.2	0
249	28.3	8.9	0
250	27.2	9.4	0
251	26.7	8.9	0
252	28.3	11.7	0
253	27.8	11.7	0
254	27.8	7.8	0
255	27.2	10	0
256	26.1	6.7	0.08
257	24.4	12.2	0.05
258	23.9	5.6	0
259	23.9	10	0.28
260	20	8.9	1.04
261	19.4	4.4	0
262	23.3	3.9	0
263	22.2	5.6	0
264	23.9	5.6	0
265	24.4	5.6	0
266	26.7	6.7	0
267	27.8	8.9	0
268	27.2	7.8	0
269	27.2	8.9	0.05
270	25.6	7.2	0
271	25.6	7.2	0
272	25	8.3	0
273	27.8	8.9	0
274	27.2	11.1	0
275	26.7	12.2	0
276	25	9.4	0.05
277	23.3	11.1	1.14
278	15.6	7.8	0.69
279	8.9	1.1	1.5
280	5	1.1	0.25
281	14.4	4.4	0
282	13.9	4.4	0
283	13.9	2.2	0
284	14.4	6.1	0.43
285	13.9	0	0
286	14.4	2.2	0
287	19.4	7.2	0
288	19.4	6.7	0
289	19.4	8.3	0.58
290	12.2	1.1	0.36
291	13.3	0	0
292	13.9	1.1	0
293	12.2	0	0
294	15.6	4.4	0
295	13.9	2.2	0
296	15.6	2.2	0
297	15.6	3.9	0
298	12.2	-3.3	0
299	7.2	-5	0
300	6.7	-5	0
301	6.7	-4.4	0
302	10	-1.1	0
303	11.1	-1.1	0
304	13.3	1.1	0
305	12.8	-2.8	0
306	3.3	-7.8	0
307	7.2	-5	0
308	11.1	-2.8	0
309	7.8	-3.9	-999.9
310	-1.1	-6.7	-999.9
310	2.2	-7.8	0.03
311	0	-4.4	0
312	2.2	-2.8	0
313	4.4	-6.7	0
314	5	-5.6	0
315	3.9	-1.7	0
316	6.1	-5.6	0
317	7.2	-8.3	0
318	4.4	-6.7	0
319	0.6	-13.9	0
320	3.3	-5.6	0.03
321	3.3	-7.2	0.18
322	-1.7	-11.1	0.05
323	0.6	-11.1	0
324	2.2	-4.4	0
325	2.8	-4.4	0
326	8.3	-2.8	0
327	7.8	-1.1	0
328	6.7	-3.9	0
329	0	-12.2	0
330	2.2	-8.9	0
331	7.2	-5	0
332	3.3	-6.1	0
333	4.4	-1.1	0
334	3.3	-7.8	0
335	-1.7	-12.2	0
336	-1.1	-11.1	0
337	-2.8	-10	0
338	-7.2	-16.1	0
339	-5.6	-16.1	0
340	-3.3	-13.3	0
341	-2.2	-14.4	0
342	0	-11.7	0
343	1.7	-11.1	0
344	2.2	-9.4	0
345	5.6	-7.8	0
346	2.8	-8.9	0
347	-1.7	-8.3	0.05
348	-1.1	-6.7	0
349	-3.3	-11.1	0
350	-0.6	-5.6	0
351	1.7	-9.4	0
352	4.4	-10	0
353	0.6	-10.6	0
354	-2.8	-9.4	0.38
355	-4.4	-14.4	0
356	-3.9	-16.1	0
357	-5	-14.4	0
358	0.6	-11.1	0
359	-1.1	-12.8	0
360	-0.6	-6.1	0
361	0.6	-5	0.28
362	7.2	-1.7	0.03
363	6.1	-1.1	0
364	5.6	-9.4	0.08
365	1.1	-7.8	0
