#weather for site US Sheep Experiment Station year = 1969
#DOY Tmax(C) Tmin(C) PPT(cm)
1	-1.7	-11.1	0
2	-5	-17.8	0
3	-3.9	-10	0
4	-0.6	-6.7	0
5	0	-6.7	0.03
6	2.2	-3.9	0
7	0.6	-18.3	0
8	-10	-15.6	0.03
9	-7.8	-16.7	0
10	-2.8	-12.2	0.36
11	0.6	-2.8	0.58
12	3.3	0.6	0.43
13	1.7	0	0.74
14	0.6	-5.6	0.25
15	-5.6	-16.1	0
16	-6.1	-10.6	0
17	-5	-16.7	0
18	1.1	-7.8	0.69
19	2.2	0	0.2
20	2.2	0.6	2.08
21	1.7	-6.7	0.51
22	-6.7	-20	0
23	-10.6	-18.9	0
24	-2.2	-13.9	0.13
25	2.2	-2.8	0.81
26	-2.8	-9.4	0
27	-3.9	-12.2	0
28	-5.6	-15	0
29	-6.7	-16.7	0.13
30	-9.4	-20	0
31	-5	-14.4	0.05
32	-5.6	-20.6	0
33	-5.6	-17.8	0
34	-0.6	-12.8	0
35	-1.7	-12.8	0
36	0	-4.4	0.66
37	-2.8	-10	0
38	-3.3	-9.4	0
39	2.2	-10	0
40	1.1	-7.2	0.76
41	2.8	-0.6	0
42	1.1	-5	0.25
43	0	-6.1	0.51
44	-3.9	-9.4	0
45	-1.1	-8.3	0.13
46	5	-3.3	0.1
47	1.1	-5	0
48	-1.7	-12.8	0
49	-1.7	-10	0
50	-3.9	-11.7	0
51	-3.3	-11.1	0
52	-2.2	-8.3	0.13
53	-2.2	-7.8	0.46
54	0.6	-6.7	0.51
55	0	-4.4	0.99
56	1.1	-10.6	0
57	-1.1	-10	0
58	0	-13.3	0
59	1.1	-10	0
60	-1.1	-15	0
61	1.7	-15.6	0
62	2.2	-7.8	0
63	0.6	-11.7	0.03
64	-3.9	-6.7	0.41
65	-4.4	-10	0
66	-6.1	-13.3	0
67	-8.9	-17.2	0
68	-6.1	-17.8	0
69	-1.7	-16.1	0
70	-1.1	-18.3	0
71	-2.2	-15	0
72	0	-16.1	0
73	-0.6	-11.7	0
74	3.3	-8.9	0
75	2.8	-6.1	0
76	5	-1.7	0
77	2.2	-6.7	0
78	2.8	-6.7	0
79	5.6	-12.8	0
80	4.4	-8.9	0
81	3.3	-3.9	0.25
82	2.2	-10	0
83	2.2	-12.2	0
84	3.9	-8.9	0
85	2.8	-7.2	0
86	5	-5	0
87	4.4	-4.4	0
88	6.7	-1.1	0
89	7.2	-0.6	0
90	7.8	0	0
91	6.7	-2.2	0
92	6.1	0.6	0.2
93	5.6	-2.8	0
94	11.1	0	0
95	10.6	1.1	0.25
96	3.9	-2.8	0.53
97	5	0	0
98	7.8	1.7	0
99	13.9	0	0
100	11.1	-1.7	0
101	12.8	-1.1	0
102	11.7	2.2	0.03
103	10	-3.3	0
104	11.1	3.3	0
105	12.8	0	0
106	16.1	-1.7	0
107	15.6	3.3	0
108	13.3	-2.8	0
109	15.6	0	0
110	20	0	0
111	21.1	5	0
112	21.1	7.2	0
113	18.3	0.6	0
114	7.2	-1.1	0
115	7.2	-2.2	0
116	12.2	-1.1	0
117	NA	NA	NA
118	16.1	-0.6	0
119	16.1	1.7	0
120	10.6	-3.3	0
121	14.4	-1.1	0
122	14.4	1.1	0
123	15	0.6	0
124	20	6.1	0
125	20	5	0
126	22.2	6.1	0
127	21.7	9.4	0
128	21.1	7.8	0
129	24.4	5	0
130	23.9	6.1	0
131	22.2	7.2	0
132	23.3	6.7	0
133	22.8	7.8	0
134	20.6	5	0.86
135	16.1	4.4	0.99
136	18.3	2.8	0
137	22.8	3.9	0
138	21.7	6.1	0
139	21.1	4.4	0
140	20.6	2.2	0.3
141	16.1	3.3	0
142	21.7	4.4	0
143	24.4	6.1	0
144	26.1	8.9	0
145	26.7	11.7	0
146	26.7	10.6	0
147	24.4	8.9	0
148	20.6	4.4	0
149	25.6	3.9	0
150	23.3	9.4	0
151	17.2	2.2	0
152	20	1.7	0
153	24.4	5.6	0
154	27.2	6.1	0
155	29.4	11.7	0
156	32.2	11.1	0
157	31.1	10.6	0
158	26.7	10.6	0.18
159	22.2	11.7	0.03
160	27.8	8.3	0
161	26.1	10	0.08
162	18.9	6.1	1.37
163	25.6	6.7	0
164	20	2.8	0.36
165	21.7	3.9	0
166	22.2	8.9	0
167	20	10.6	0
168	23.9	6.1	0
169	25.6	7.8	0
170	26.1	10	0
171	23.9	10.6	0.66
172	20	7.8	1.42
173	17.2	8.3	0.48
174	17.2	5.6	0.05
175	16.7	6.7	1.17
176	10	5.6	1.4
177	11.7	4.4	0.1
178	12.8	1.7	0.23
179	13.9	1.1	0.05
180	13.9	1.1	0.08
181	18.9	0.6	0.05
182	26.1	5.6	0
183	29.4	8.9	0
184	27.8	8.3	0
185	23.9	3.9	0
186	23.3	6.7	0
187	22.2	11.1	0
188	20	6.7	0.13
189	22.8	5	0
190	26.1	5	0
191	28.9	10	0
192	32.2	10.6	0
193	31.1	12.8	0
194	30	10	0
195	29.4	12.8	0.33
196	27.2	11.7	0.08
197	29.4	9.4	0
198	31.7	12.2	0
199	31.7	13.9	0
200	31.1	14.4	0
201	31.7	15.6	0
202	32.2	15.6	0
203	32.2	13.9	0
204	31.7	14.4	0
205	29.4	14.4	0
206	30.6	13.3	0
207	30	10	0
208	32.2	9.4	0
209	28.3	16.7	0.18
210	31.7	13.9	0
211	30	11.1	0
212	34.4	13.9	0
213	33.3	15.6	0
214	35	11.1	0
215	34.4	13.3	0
216	33.9	13.3	0
217	33.3	9.4	0
218	26.7	3.9	0
219	31.1	7.2	0
220	31.7	7.2	0
221	32.8	10	0
222	35.6	12.8	0
223	32.8	17.2	0
224	21.7	11.7	0.13
225	26.1	6.1	0
226	32.8	10.6	0
227	33.3	12.8	0
228	33.3	15	0
229	27.8	10.6	0
230	29.4	10	0
231	31.1	8.9	0
232	32.2	11.1	0
233	33.3	12.2	0
234	33.9	13.3	0
235	33.9	13.3	0
236	35	13.9	0
237	32.2	17.8	0
238	32.2	10	0
239	31.7	10	0
240	30	5	0
241	29.4	12.2	0
242	23.9	5.6	0
243	26.7	7.2	0
244	31.1	8.3	0
245	31.7	9.4	0
246	30	11.1	0
247	24.4	0.6	0
248	22.8	3.3	0
249	25	3.3	0
250	27.2	7.8	0
251	27.2	7.8	0
252	28.9	12.2	0
253	23.9	12.2	0.53
254	23.9	9.4	0.03
255	23.9	7.8	0
256	22.2	8.3	0
257	21.7	9.4	0
258	20.6	1.7	0
259	23.3	2.8	0
260	25.6	7.8	0
261	25	9.4	0
262	24.4	11.1	0.43
263	15	7.8	0.25
264	15	4.4	0.25
265	17.2	0	0
266	18.9	3.9	0
267	21.1	6.1	0
268	20.6	2.2	0
269	23.9	3.9	0
270	27.8	7.8	0
271	26.7	7.2	0
272	26.7	6.7	0
273	21.7	7.8	0
274	17.8	1.1	0
275	14.4	3.3	0.58
276	7.8	-3.3	0
277	7.2	-1.1	0
278	9.4	-7.2	0
279	14.4	-1.7	0
280	16.1	1.1	0
281	17.8	5.6	0
282	13.3	-2.2	0
283	9.4	0.6	0
284	9.4	-2.8	0
285	2.8	-7.8	0
286	2.2	-7.8	0
287	5.6	-8.9	0
288	7.2	-5	0
289	6.7	-4.4	0.13
290	7.2	-2.2	0
291	12.8	0.6	0
292	12.8	-0.6	0
293	12.8	-3.9	0
294	18.3	-1.1	0
295	20	-2.8	0
296	18.3	1.1	0
297	15.6	2.2	0
298	13.9	2.8	0
299	12.2	-1.7	0
299	12.2	-1.7	0
300	7.8	-1.7	0
301	5.6	-4.4	0
302	7.2	-6.1	0
303	6.7	-2.8	0
304	10.6	-1.1	0
305	8.9	-3.9	0
306	10.6	-3.3	0
307	9.4	-1.1	0
308	15	0.6	0
309	17.8	0.6	0
310	6.7	0	3.51
311	2.8	-1.7	0.13
312	6.7	-3.3	0
313	1.7	-2.8	0.05
314	5.6	-2.8	0
315	3.9	0	0
316	8.3	-3.3	0
317	7.8	-3.3	0
318	5.6	-2.8	0
319	1.7	-3.9	0.18
320	-0.6	-11.1	0
321	-2.8	-13.3	0
322	-1.1	-10	0
323	4.4	-9.4	0
324	5	-4.4	0
325	2.2	-8.3	0
326	1.7	-7.8	0
327	3.3	-7.2	0
328	3.9	-8.3	0
329	3.9	-7.8	0
330	3.9	-10.6	0
331	4.4	-10.6	0
332	7.2	-9.4	0
333	8.9	-6.1	0
334	8.9	-7.8	0
335	8.9	-7.8	0
336	7.8	-6.1	0
337	1.7	-8.9	0
338	1.1	-10.6	0
339	-3.3	-13.9	0
340	-2.2	-13.9	0
341	-2.2	-11.1	0.1
342	-3.9	-6.7	0.23
343	-5.6	-11.7	0.08
344	-3.3	-10	0
345	1.1	-3.9	0.41
346	3.9	-0.6	0
347	8.9	-2.2	0
348	4.4	-6.1	0
349	4.4	-7.8	0
350	2.8	-6.1	0
351	6.7	-2.2	0
352	3.3	-3.9	0
353	2.8	-1.7	0.56
354	4.4	-1.1	0.53
355	3.3	-6.7	0.3
356	2.2	-4.4	0.05
357	-0.6	-11.1	0
358	-2.2	-10.6	0
359	-3.9	-6.1	0.05
360	-1.1	-11.7	0.03
361	-3.9	-13.3	0.03
362	-1.7	-18.3	0
363	-9.4	-17.8	0
364	-7.2	-13.3	0.05
365	-5	-17.8	0
