#weather for site US Sheep Experiment Station year = 2006
#DOY Tmax(C) Tmin(C) PPT(cm)
1	0.6	-5	0.56
2	1.1	-4.4	1.14
3	-2.8	-8.3	0
4	-0.6	-11.1	0
5	1.1	-8.9	0
6	0.6	-6.1	0
7	-0.6	-5	0.41
8	-3.3	-14.4	0
9	-2.8	-10	0
10	2.2	-3.9	0.33
11	-0.6	-13.9	0
12	0.6	-12.2	0
13	3.3	-3.9	0
14	0.6	-4.4	0.08
15	-4.4	-16.7	0
16	-5.6	-12.8	0.08
17	-2.2	-6.7	0.2
18	-5.6	-15	0
19	-4.4	-10.6	0
20	-4.4	-8.9	0
21	-6.7	-11.7	0.03
22	-7.8	-10.6	0
23	-3.3	-9.4	0
24	1.1	-11.7	0
25	-3.3	-11.1	0
26	-2.8	-6.7	0
27	-4.4	-9.4	0.25
28	-3.9	-10	0
29	-0.6	-8.3	0.1
30	-0.6	-11.1	0.08
31	1.1	-6.1	0
32	-2.8	-13.3	0
33	-3.3	-11.7	0
34	0.6	-7.8	0.05
35	-0.6	-13.9	0
36	-3.3	-13.3	0
37	-1.7	-11.1	0
38	0.6	-12.2	0
39	-2.8	-13.9	0
40	-6.1	-16.1	0
41	-6.1	-18.9	0
42	-2.8	-18.3	0
43	-5	-16.1	0
44	-3.3	-12.8	0
45	-7.2	-12.8	0
46	-9.4	-18.9	0
47	-12.8	-23.9	0
48	-12.8	-24.4	0
49	-7.2	-17.8	0
50	-11.1	-18.3	0.03
51	-8.9	-16.1	0
52	-6.1	-16.1	0
53	-3.3	-13.3	0
54	-1.1	-9.4	0
55	1.1	-11.1	0
56	4.4	-7.8	0
57	3.9	-2.8	0
58	3.9	0	0.74
59	1.7	-5	0
60	3.9	-8.3	0
61	8.3	-4.4	0
62	3.9	-5	0
63	1.7	-8.3	0
64	5.6	-6.1	0.03
65	2.2	-1.7	0.74
66	2.2	-6.7	0
67	-1.1	-7.8	0
68	-4.4	-16.1	0
69	-1.1	-16.1	0
70	-1.7	-11.7	0
71	-2.8	-13.9	0
72	-1.7	-11.1	0.2
73	2.2	-6.1	0.15
74	0.6	-11.1	0.03
75	3.3	-3.9	0
76	2.2	-5.6	0
77	1.1	-2.8	0
78	0.6	-6.7	0
79	1.1	-5.6	0.1
80	1.1	-8.3	0
81	3.3	-7.8	0
82	5	-5.6	0
83	10.6	-1.1	0
84	7.2	-3.3	0.43
85	2.8	-7.8	0
86	6.1	-3.3	0.15
87	6.1	0.6	1.35
88	5.6	-1.7	0
89	3.9	0	0.38
90	6.1	0	1.02
91	3.3	-7.2	0
92	NA	NA	NA
93	10.6	-0.6	0
94	8.9	3.3	0.28
95	8.9	2.8	2.34
96	6.7	-1.1	1.24
97	7.8	-0.6	0
98	13.3	0.6	0
99	10	1.1	0
100	9.4	1.1	0
101	10.6	-2.2	0
102	13.9	0.6	0
103	16.1	3.3	0
104	14.4	1.1	0
105	14.4	4.4	0.08
106	11.7	0.6	0.76
107	6.1	-1.7	0.61
108	6.7	-3.3	0
109	8.9	-7.2	0
110	13.3	-3.3	0
111	16.7	0	0
112	21.7	0.6	0
113	19.4	4.4	0
114	8.9	-0.6	0
115	11.1	0	0.56
116	16.1	-0.6	0
117	17.8	1.7	0
118	17.8	0.6	0
119	20.6	2.8	0
120	18.9	6.1	0
121	17.8	0	0
122	17.2	0	0
123	12.8	-1.1	0
124	13.3	0	0
125	17.8	1.1	0
126	17.2	1.1	0
127	17.8	3.3	0
128	15	3.9	0
129	13.3	-3.3	0
130	13.9	-2.2	0
131	18.9	1.1	0
132	21.7	5	0
133	22.2	5	0
134	26.1	7.2	0
135	25.6	8.3	0
136	27.8	8.3	0
137	27.8	11.7	0
138	28.3	10	0
139	25.6	11.7	0.48
140	23.9	9.4	0
141	24.4	8.9	0
142	21.7	9.4	0
143	20.6	6.1	0
144	21.7	3.3	0
145	23.9	6.1	0
146	21.1	5.6	0
147	12.8	3.9	0.74
148	9.4	1.1	0.43
149	12.2	0	0.03
150	14.4	0	0
151	19.4	0.6	0
152	23.9	4.4	0
153	26.7	8.3	0
154	25.6	11.7	0
155	25.6	7.2	0
156	24.4	8.3	0
157	29.4	8.3	0
158	31.1	14.4	0
159	30	11.7	0.48
160	20.6	7.8	1.14
161	18.9	7.2	1.07
162	22.2	5	0.23
163	27.8	10	0
164	27.2	10	0
165	26.1	7.2	1.45
166	16.7	4.4	0.13
167	20	5.6	0
168	23.3	6.1	0
169	22.8	7.8	0
170	26.1	10.6	0
171	22.8	8.3	0
172	22.8	7.8	0
173	23.9	6.1	0
174	26.1	7.8	0
175	27.8	12.8	0
176	28.9	12.2	0
177	27.8	14.4	0
178	28.3	11.7	0
179	28.3	9.4	0
180	30	13.3	0
181	28.3	10.6	0
182	27.8	11.7	0
183	29.4	11.7	0.38
184	29.4	12.8	0.58
185	30	12.8	0
186	28.9	13.9	0.13
187	25.6	10	0
188	26.7	11.7	0.48
189	29.4	10.6	0
190	30.6	14.4	0
191	28.3	10.6	0
192	31.1	10	0
193	28.3	11.7	0
194	28.3	9.4	0
195	32.2	10	0
196	35.6	12.8	0
197	34.4	16.7	0
198	34.4	16.7	0
199	35	13.3	0
200	33.9	12.8	0
201	33.3	13.9	0
202	34.4	16.7	0
203	35.6	17.8	0
204	35	17.2	0
205	32.2	17.8	0.2
206	30	11.7	0
207	31.1	12.2	0
208	32.8	12.8	0
209	35	13.9	0
210	34.4	16.7	0
211	31.7	13.9	0
212	28.9	11.7	0
213	22.8	11.1	0.86
214	25.6	7.2	0
215	28.3	8.3	0.08
216	29.4	9.4	0.05
217	30.6	10.6	0
218	30.6	11.1	0
219	31.7	11.7	0
220	31.7	13.3	0
221	30.6	10	0
222	30	8.9	0
223	29.4	10	0
224	28.3	9.4	0
225	25.6	8.3	0
226	30	7.8	0
227	28.9	13.9	0
228	29.4	10	0
229	26.7	11.1	0
230	24.4	8.3	0
231	27.2	8.3	0
232	30.6	10	0
233	31.1	11.7	0
234	32.8	12.8	0
235	32.2	9.4	0
236	30.6	11.1	0
237	25	13.3	0
238	23.3	10.6	0
239	25.6	6.1	0
240	27.2	8.3	0
241	29.4	10.6	0
242	28.3	10	0
243	23.9	2.2	0
244	23.3	5.6	0
245	26.1	7.2	0
246	29.4	8.9	0
247	31.1	10	0
248	28.9	10.6	0
249	28.9	11.7	0
250	25	12.8	0
251	21.7	10.6	0.3
252	22.8	8.9	0
253	24.4	6.1	0
254	26.7	8.9	0
255	27.2	8.3	0
256	28.9	8.3	0
257	27.2	8.9	0
258	11.7	7.2	0.43
259	8.3	0	0.3
260	13.3	-3.3	0
261	15.6	-2.8	0
262	19.4	2.8	0
263	17.2	5.6	0
264	10.6	3.9	0.91
265	10.6	2.2	0.41
266	14.4	1.7	0
267	15.6	-1.1	0
268	18.9	1.7	0
269	19.4	1.7	0
270	21.7	6.7	0
271	21.7	3.9	0
272	22.8	5.6	0
273	21.7	3.3	0
274	21.7	6.1	0
275	20.6	6.7	0.51
276	14.4	6.1	0.38
277	16.1	5	0.36
278	18.3	7.2	0
279	16.7	7.8	0
280	15	5.6	1.75
281	12.2	1.1	0
282	10	1.1	0.76
283	11.1	-1.1	0
284	13.3	1.1	0
285	14.4	-1.1	0
286	15	-0.6	0
287	17.8	2.2	0
288	12.8	2.2	0
289	9.4	1.1	0.89
290	4.4	-1.7	0.13
291	7.2	-6.1	0
292	7.2	0.6	0
293	10	1.7	0.05
294	8.3	-2.8	0
295	7.8	-6.1	0
296	11.7	-3.3	0
297	11.7	-1.7	0
298	10	-1.7	0.13
299	5.6	-6.1	0
300	6.1	-4.4	0
301	10	-3.9	0
302	7.8	-3.3	0
302	11.7	-1.7	0
303	1.1	-11.7	0
304	2.2	-12.2	0
305	6.1	-6.7	0
306	3.3	-0.6	0.08
307	6.1	1.7	0
308	6.1	0.6	0
309	9.4	3.3	0
310	17.2	5	0
311	11.7	4.4	0.33
312	5.6	-0.6	0.25
313	3.3	-11.7	0.64
314	1.7	-5.6	0
315	0.6	-11.7	0.46
316	6.7	-3.3	0.05
317	5.6	-2.8	0.25
318	3.9	-7.8	0
319	2.2	-3.9	0
320	5	-2.2	0
321	6.7	-2.8	0
322	5	-1.7	0
323	7.8	-0.6	0
324	7.8	1.1	0
325	8.9	-1.7	0
326	5	-3.3	0
327	2.8	-8.9	0
328	1.7	-9.4	0
329	0.6	-7.8	0
330	1.1	-3.3	0.15
331	-0.6	-13.9	0.2
332	-8.3	-17.8	0
333	-9.4	-17.2	0
334	-6.1	-16.7	0
335	-6.7	-18.3	0.08
336	-6.1	-16.1	0
337	-2.2	-13.9	0
338	-2.8	-12.2	0
339	1.1	-11.7	0
340	6.7	-7.2	0
341	7.2	-5	0
342	5	-3.9	0
343	5	-3.3	0
344	1.1	-3.9	0.1
345	-1.1	-3.3	0.1
346	2.8	-1.7	0.18
347	0.6	-4.4	0
348	5.6	-1.1	0.03
349	-1.1	-13.9	0
350	-2.2	-15.6	0
351	-3.9	-18.3	0
352	-2.2	-15.6	0
353	-2.8	-14.4	0
354	-2.2	-13.9	0
355	-1.7	-7.8	0.15
356	-5.6	-12.8	0.1
357	-5	-14.4	0.2
358	0	-8.3	0
359	2.8	-4.4	0
360	0	-2.2	0.25
361	-1.7	-7.8	0.46
362	-2.8	-11.7	0
363	-5.6	-15.6	0
364	-3.9	-13.3	0
365	-6.7	-15	0
