#weather for site US Sheep Experiment Station year = 1953
#DOY Tmax(C) Tmin(C) PPT(cm)
1	-5	-10.6	0
2	-5.6	-7.8	0
3	-3.9	-7.2	0
4	-3.9	-6.7	0
5	-3.9	-8.9	0
6	-1.1	-5.6	0.08
7	0	-6.7	0.13
8	4.4	-0.6	0.3
9	3.3	-1.7	0
10	4.4	-0.6	0
11	3.3	-1.1	0
12	2.8	-0.6	0
13	2.2	-1.1	0.38
14	0	-8.3	0
15	-2.8	-6.1	0
16	0	-3.3	0.13
17	1.1	-2.2	0
18	1.1	-4.4	0
19	2.2	-3.3	0.38
20	1.7	-2.8	0
21	-0.6	-8.3	0
22	-0.6	-4.4	0
23	1.7	-4.4	0
24	5	-2.2	0
25	2.8	-10.6	0
26	-1.7	-14.4	0
27	-2.2	-12.2	0
28	0	-6.7	0
29	0	-6.7	0
30	2.8	-3.9	0
31	2.8	-3.3	0
32	0.6	-2.2	0
33	3.9	-3.3	0
34	3.3	-2.2	0
35	-0.6	-10	0
36	1.1	-6.7	0.13
37	0	-5.6	0
38	0.6	-3.9	0.36
39	-3.9	-8.9	0
40	-5	-15.6	0
41	-5	-12.2	0
42	-1.1	-10.6	0
43	-3.3	-8.3	0.08
44	-2.8	-12.8	0
45	-2.2	-9.4	0.13
46	-3.3	-13.9	0
47	2.2	-11.1	0
48	-2.8	-7.2	0.3
49	-6.1	-11.1	0
50	-6.7	-16.1	0
51	-7.2	-16.1	0
52	-5.6	-13.3	0
53	-6.1	-12.2	0.51
54	0.6	-12.8	0
55	-3.3	-13.3	0
56	-0.6	-9.4	0
57	1.7	-7.2	0
58	2.2	-3.9	0
59	1.7	-8.3	0.43
60	-7.2	-15.6	0
61	-5	-17.2	0
62	-0.6	-11.1	0
63	-0.6	-10	0
64	-0.6	-9.4	0
65	1.7	-8.3	0
66	5	-6.1	0
67	3.9	-6.7	0
68	7.2	-2.8	0
69	5.6	-3.3	0
70	3.3	-4.4	0
71	1.1	-2.8	0.05
72	-1.1	-11.7	0
73	3.3	-7.2	0
74	7.2	-6.1	0
75	6.1	-5	0
76	0.6	-12.2	0
77	5.6	-2.2	0.05
78	4.4	-5.6	0.3
79	1.7	-7.2	0.03
80	1.7	-8.3	0
81	6.7	-2.8	0
82	8.3	-2.8	0
83	12.2	-0.6	0
84	11.7	-3.3	0
85	15.6	-2.2	0
86	15.6	0	0
87	12.8	2.2	0
88	10.6	-2.8	0
89	11.7	-2.2	0
90	7.8	-6.7	0
91	3.9	-8.9	0
92	9.4	-7.8	0
93	9.4	-2.2	0
94	8.9	-0.6	0.33
95	2.2	-1.7	0.61
96	0	-5	0.64
97	0.6	-8.9	0.03
98	0.6	-8.3	0
99	0.6	-7.8	0
100	1.7	-9.4	0
101	1.7	-6.1	0.03
102	6.1	-6.1	0
103	5.6	-6.7	0
104	10.6	-5.6	0
105	11.7	-2.2	0
106	10	-0.6	0
107	8.3	-3.9	0
108	13.3	-3.9	0
109	18.9	-1.1	0
110	21.1	2.8	0
111	21.7	2.2	0
112	21.1	3.9	0.23
113	15	-1.7	0
114	17.8	0.6	0
115	21.7	2.8	0
116	NA	NA	NA
117	20.6	6.1	0
118	13.9	2.8	0.76
119	8.9	-1.7	0
120	8.3	-2.2	0.08
121	6.1	-1.1	0.05
122	7.8	-3.3	0
123	11.7	-2.2	0
124	17.2	-0.6	0
125	21.7	2.2	0
126	23.3	2.8	0
127	17.8	5.6	0
128	12.8	-2.2	0
129	6.7	1.1	0
130	7.8	-1.1	0
131	8.9	0	0
132	10.6	-4.4	0
133	14.4	-0.6	0
134	16.7	1.1	0
135	18.9	3.9	0
136	19.4	3.9	0
137	17.8	5	0
138	16.7	3.3	0.41
139	14.4	6.1	0.84
140	12.8	1.7	0.48
141	11.7	0.6	0.76
142	10	-3.9	0.05
143	13.3	-0.6	0.84
144	10	0	0.89
145	15.6	-2.2	0.1
146	18.9	7.8	0
147	19.4	1.7	0
148	19.4	6.7	0.58
149	14.4	2.8	0.08
150	16.1	2.8	0
151	22.2	3.9	0
152	19.4	6.1	0
153	14.4	3.9	3.05
154	12.8	2.2	0.08
155	16.1	5	0
156	15.6	5.6	1.47
157	13.3	4.4	0.1
158	14.4	6.1	0.69
159	13.9	1.7	0
160	21.7	5.6	0
161	25	6.1	0
162	27.8	10.6	0
163	26.1	12.2	0.03
164	22.8	5.6	0
165	22.2	6.7	0
166	20.6	7.8	0
167	25.6	10	0
168	26.1	7.8	0
169	25.6	6.1	0
170	25.6	10	0.08
171	18.3	1.1	0
172	22.2	3.9	0
173	26.7	7.2	0
174	25	6.7	0
175	21.7	2.8	0
176	18.9	1.7	0
177	20.6	5.6	0
178	21.7	3.3	0
179	27.2	8.9	0
180	27.2	8.3	0
181	28.3	8.9	0
182	27.2	11.1	0
183	26.7	7.8	0
184	28.3	10.6	0
185	30	11.7	0
186	29.4	11.1	0
187	30	12.8	0
188	31.1	14.4	0
189	30.6	15.6	0
190	32.8	12.8	0
191	32.2	15.6	0
192	32.2	11.1	0
193	33.9	15	0
194	34.4	14.4	0.28
195	33.9	13.9	0.08
196	33.3	16.7	0
197	28.9	13.3	0
198	30	11.1	0
199	30.6	10	0
200	31.7	13.9	0
201	30.6	11.1	0
202	27.8	8.9	0
203	32.2	10	0
204	32.8	12.2	0
205	31.7	16.7	0
206	30.6	11.1	0
207	33.3	11.7	0
208	33.9	15	0
209	32.8	14.4	0
210	32.8	12.2	0.03
211	34.4	12.2	0
212	32.2	12.8	0.46
213	30.6	13.3	0
214	20	13.3	0.03
215	28.3	8.3	0
216	27.2	8.9	0
217	29.4	10.6	0
218	31.1	12.8	0
219	33.3	12.2	0
220	32.2	11.7	0
221	30	10	0
222	28.9	13.3	0
223	26.7	7.2	0
224	31.7	10	0
225	33.3	11.1	0
226	31.1	14.4	0
227	28.9	12.8	0.13
228	30	10	0
229	30.6	10	0.1
230	31.1	11.7	0
231	30.6	11.1	0
232	32.2	11.7	0
233	30	12.2	0
234	29.4	11.1	0.1
235	28.9	10	0
236	30	10.6	0
237	26.7	7.2	0
238	27.2	8.9	0
239	27.2	8.9	0
240	26.1	10.6	0
241	26.1	11.7	0
242	26.7	7.2	0
243	27.8	7.2	0
244	26.7	11.7	0
245	21.7	8.3	0.13
246	18.9	2.2	0
247	21.7	3.3	0
248	26.7	6.7	0
249	27.8	8.9	0
250	27.8	8.9	0
251	27.8	10	0
252	27.2	9.4	0
253	28.9	8.9	0
254	30.6	11.1	0
255	31.7	10	0
256	30.6	12.2	0
257	29.4	13.9	0
258	29.4	10.6	0
259	26.7	12.2	0
260	22.2	8.9	0.03
261	22.2	2.8	0
262	26.7	5	0
263	26.7	7.2	0
264	26.7	5	0
265	25.6	7.8	0
266	21.1	5.6	0
267	19.4	2.8	0
268	23.9	2.2	0
269	25.6	4.4	0
270	23.9	2.8	0
270	23.3	4.4	0
271	19.4	1.1	0
272	25.6	6.7	0
273	20	5.6	0
274	17.8	4.4	0
275	13.9	-3.9	0
276	22.2	2.2	0
277	22.8	5	0
278	22.8	3.9	0
279	23.3	3.9	0
280	24.4	5	0
281	24.4	6.7	0
282	23.3	6.7	0
283	22.2	7.2	0
284	20.6	5	0
285	19.4	4.4	0
286	19.4	3.3	0
287	18.9	5.6	0.53
288	10	6.7	0.03
289	15.6	2.8	0
290	19.4	4.4	0
291	16.7	6.1	0
292	12.2	0	0
293	10	1.1	0
294	10.6	0.6	0
295	9.4	-0.6	0
296	10	0.6	0
297	10.6	-1.7	0
298	8.9	-3.3	0
299	13.9	-1.7	0
300	15.6	0	0
301	15.6	2.2	0
302	12.8	-0.6	0
303	10	1.1	0
304	12.8	2.2	0
305	12.8	5.6	0
306	15	-0.6	0
307	12.8	0	0
308	10	2.2	0
309	8.3	0	0.05
310	6.1	-6.1	0
311	11.1	-3.9	0
312	11.1	-2.2	0
313	12.8	-0.6	0
314	13.3	1.1	0
315	15	4.4	0
316	13.9	2.8	0
317	15	2.2	0
318	12.2	-0.6	0
319	13.3	0.6	0
320	10.6	-1.1	0.13
321	-1.1	-6.1	0.08
322	-2.2	-15.6	0
323	1.7	-15	0
324	1.1	-10.6	0
325	0	-5	0.43
326	5	-1.7	0
327	3.9	-8.9	0
328	2.2	-5.6	0
329	3.9	-2.8	0
330	7.2	2.2	0
331	5	-5.6	0
332	7.8	-2.2	0
333	5.6	0	0
334	4.4	-6.1	0.2
335	-2.8	-11.7	0
336	-5	-13.9	0
337	-1.7	-7.2	0.86
338	-6.7	-17.2	0
339	-0.6	-7.2	0
340	-2.2	-8.9	0.13
341	-8.9	-20.6	0
342	-3.9	-12.2	0.25
343	-2.2	-10.6	0
344	-7.8	-17.2	0
345	-4.4	-10.6	0
346	-5.6	-16.1	0
347	1.1	-12.2	0
348	-1.1	-8.9	0
349	1.7	-6.7	0
350	4.4	-6.1	0
351	1.1	-5	0
352	0	-5	0.25
353	1.7	-3.3	0.05
354	1.7	-10	0
355	-1.1	-9.4	0
356	-3.9	-11.7	0
357	-2.8	-13.3	0
358	-5	-17.2	0
359	-7.8	-14.4	0.03
360	-0.6	-12.8	0
361	-7.2	-11.1	0
362	-1.1	-16.1	0
363	-6.7	-10	0
364	-4.4	-8.3	0.08
365	-4.4	-13.9	0
