#weather for site US Sheep Experiment Station year = 1979
#DOY Tmax(C) Tmin(C) PPT(cm)
1	-14.4	-30	0
2	-6.7	-16.1	0
3	-11.1	-17.2	0
4	-12.2	-22.2	0
5	-10	-22.8	0
6	-8.9	-22.8	0
7	-7.8	-22.2	0
8	-2.8	-17.8	0
9	-5	-10	0.18
10	-1.1	-7.2	0.3
11	-0.6	-5.6	0
12	-3.3	-14.4	0
13	-4.4	-14.4	0
14	-3.9	-9.4	0.33
15	-3.9	-10.6	0
16	-5	-12.2	0
17	-3.3	-8.3	0.36
18	-6.7	-11.1	0.05
19	-3.3	-11.1	0
20	-4.4	-8.9	0.1
21	-3.9	-12.8	0.18
22	-10	-16.7	0
23	-6.7	-18.3	0
24	-6.1	-11.1	0
25	-7.2	-15.6	0
26	-12.2	-16.7	0
27	-7.8	-20.6	0
28	-12.8	-20.6	0.05
29	-12.8	-27.2	0
30	-11.7	-22.2	0
31	-4.4	-17.2	0.08
32	-10	-21.7	0
33	-11.1	-20.6	0
34	-6.7	-21.7	0
35	-6.7	-18.9	0.05
36	-6.7	-13.9	0
37	0	-11.1	0
38	-1.7	-17.8	0
39	-1.1	-9.4	0
40	1.1	-6.1	0
41	1.7	-7.2	0
42	3.3	-3.3	0
43	4.4	-1.1	0
44	2.2	-0.6	1.5
45	0.6	-12.2	0.1
46	-0.6	-9.4	0
47	-1.7	-11.1	0
48	0	-9.4	0
49	0	-6.1	0
50	-2.8	-11.7	0.13
51	-0.6	-7.8	0.36
52	-1.1	-7.8	0.18
53	0	-8.3	0.18
54	0	-8.9	0
55	1.7	-5.6	0
56	5.6	-7.8	0
57	2.2	-10	0
58	0.6	-6.7	0.13
59	0	-3.3	1.32
60	-0.6	-7.8	0.41
61	-5	-15.6	0
62	-0.6	-15	0
63	3.3	-8.9	0
64	1.1	-4.4	0
65	4.4	-1.7	0
66	4.4	-8.9	0
67	2.8	-11.1	0
68	3.9	-12.2	0
69	7.2	-10.6	0
70	6.1	-7.2	0
71	5	-8.3	0
72	10	-10.6	0
73	6.7	-9.4	0
74	4.4	-0.6	0
75	2.2	-1.7	0.2
76	7.8	-5	0
77	7.2	-2.8	0
78	3.9	-4.4	0
79	7.2	-6.7	0
80	4.4	-3.9	0
81	6.7	-7.8	0
82	3.9	-7.8	0
83	5	-4.4	0
84	3.3	-6.1	0
85	3.9	-0.6	0.1
86	5.6	-0.6	0
87	5	-5	0
88	3.3	-3.9	0
89	1.1	-7.8	0
90	1.7	-9.4	0
91	-1.1	-11.7	0
92	2.2	-12.2	0.13
93	3.3	-7.2	0
94	6.1	-2.2	0
95	10.6	0.6	0
96	7.8	-1.1	0
97	7.8	-3.9	0
98	7.2	-1.1	0.18
99	4.4	-2.8	0
100	6.7	-2.8	0
101	7.2	-2.2	0
102	9.4	-1.1	0
103	15.6	-3.9	0
104	17.2	1.7	0
105	20	1.1	0
106	16.7	3.3	0
107	8.9	-1.1	0
108	6.7	-4.4	0
109	11.1	-5.6	0
110	16.7	-1.7	0
111	19.4	1.7	0
112	17.8	1.7	0
113	8.9	-1.1	0
114	13.9	-4.4	0
115	15.6	-1.1	0
116	18.9	0	0
117	17.8	4.4	0
118	18.3	0.6	0
119	NA	NA	NA
120	18.3	2.8	0
121	17.8	4.4	0
122	15.6	3.3	0
123	18.3	0.6	0
124	20	4.4	0
125	21.1	6.7	0
126	17.2	0	0
127	7.2	-4.4	0
128	6.1	-2.2	0.86
129	7.2	-1.1	0
130	12.8	-2.2	0
131	13.9	2.2	0
132	16.7	-0.6	0
133	18.9	6.7	0
134	22.2	5.6	0
135	25.6	3.9	0
136	25.6	7.2	0
137	21.7	6.1	0
138	20.6	5.6	0
139	21.1	5.6	0
140	23.3	6.1	0
141	25.6	9.4	0
142	25	8.9	0
143	25	8.9	0
144	22.8	8.3	0
145	25	8.9	0
146	26.1	8.3	0
147	25.6	8.3	0
148	22.8	5.6	0.36
149	12.8	-2.2	0.3
150	12.2	0	0
151	15.6	0.6	0
152	18.3	1.1	0
153	22.8	3.9	0
154	25.6	6.1	0
155	27.2	7.8	0
156	27.2	9.4	0
157	23.9	7.8	0.05
158	12.8	1.7	0
159	15.6	1.1	0
160	20	1.1	0
161	27.2	5	0
162	30	8.9	0
163	31.7	10	0
164	31.1	15	0
165	27.2	11.7	0
166	25	5	0
167	25	6.1	0
168	23.3	5.6	0
169	20	4.4	0
170	17.8	2.2	1.7
171	23.9	5	0
172	21.7	5.6	0
173	22.2	5	0.03
174	23.9	4.4	0
175	27.8	7.2	0
176	29.4	11.7	0.05
177	29.4	15	0.1
178	30.6	11.7	0
179	31.7	11.7	0
180	33.9	13.3	0
181	32.2	13.3	0
182	27.2	5.6	0
183	26.1	8.3	0
184	29.4	10	0
185	29.4	11.1	0
186	30.6	8.9	0
187	27.2	11.1	0.18
188	30	7.8	0
189	28.3	12.8	0.05
190	31.7	8.3	0
191	31.1	9.4	0
192	28.3	9.4	0
193	28.3	11.7	0
194	26.7	12.8	0
195	28.3	8.9	0
196	30.6	11.7	0
197	32.2	13.3	0
198	34.4	15	0
199	32.2	15.6	0
200	33.9	13.9	0
201	32.8	12.8	0
202	32.2	13.3	0
203	27.8	12.8	2.67
204	26.1	12.2	0.23
205	29.4	9.4	0
206	31.7	11.1	0
207	32.2	12.8	0
208	29.4	13.3	0
209	31.7	11.1	0
210	30	10.6	0
211	28.3	11.1	0.03
212	31.1	12.8	0
213	31.7	11.7	0
214	31.1	13.9	0
215	32.8	9.4	0
216	35	9.4	0
217	35.6	15	0
218	34.4	15.6	0
219	32.2	15.6	0.33
220	29.4	17.2	0.3
221	29.4	10.6	0.23
222	30	11.1	0.1
223	31.7	12.2	0
224	27.2	13.9	0
225	18.9	12.2	2.01
226	24.4	10.6	0
227	23.9	8.9	0
228	23.9	9.4	0.08
229	27.8	8.9	0
230	22.8	7.8	0
231	21.7	8.3	0.38
232	22.8	7.8	0
233	25.6	7.2	0.1
234	27.2	8.3	0.23
235	28.9	10	0
236	28.3	10	0
237	26.1	8.9	0
238	27.2	9.4	0
239	25.6	9.4	0
240	22.8	6.7	0.15
241	30	10.6	0
242	28.9	10	0
243	23.9	6.7	0
244	26.7	5	0
245	28.9	10.6	0
246	30	10.6	0
247	26.7	7.2	0
248	27.8	7.2	0
249	30.6	8.9	0
250	31.7	10	0
251	31.7	11.7	0
252	28.9	11.1	0
253	26.1	7.2	0
254	20.6	4.4	0
255	20	2.8	0
256	21.1	3.9	0
257	22.2	1.7	0
258	27.2	3.3	0
259	28.9	6.1	0
260	28.9	11.1	0
261	30	7.8	0
262	28.9	11.1	0
263	25	8.9	0
264	27.8	6.7	0
265	27.8	6.1	0
266	27.2	6.7	0
267	27.2	9.4	0
268	25.6	8.3	0
269	21.1	6.7	0.61
270	19.4	3.3	0
271	23.3	2.2	0
272	25.6	4.4	0
273	25.6	4.4	0
274	25.6	5.6	0
275	24.4	5.6	0
276	22.2	1.1	0
277	22.8	2.2	0
278	23.3	3.9	0
279	23.9	5.6	0
280	25.6	7.2	0
281	23.3	5	0
282	18.9	-0.6	0
283	20	1.7	0
284	21.7	3.9	0
285	22.2	3.9	0
286	21.1	3.9	0
287	20	7.8	0
288	13.9	2.8	1.07
289	11.1	0	0.13
290	11.7	0	0
291	10	-0.6	0.2
292	12.8	3.9	0.1
293	9.4	-1.1	0.48
294	6.7	-5	0
295	7.8	-1.1	0
296	10	0	0
297	13.9	2.2	0
298	19.4	3.3	0
299	16.7	0	0
300	11.1	-3.3	0
301	3.9	-3.9	0
301	6.7	-0.6	0.08
302	5.6	-6.7	0
303	6.1	-7.2	0
304	5.6	-7.2	0
305	3.3	-6.1	0
306	3.9	-4.4	0
307	2.8	0	0.74
308	4.4	-2.8	0.13
309	8.9	-2.8	0
310	11.1	-3.3	0
311	6.7	-5	0
312	3.9	-4.4	0
313	3.3	-6.7	0
314	3.9	-5	0
315	3.9	-8.9	0
316	6.7	-8.3	0
317	8.9	-6.7	0
318	10.6	-5.6	0
319	9.4	-4.4	0
320	8.3	0	0
321	2.2	-2.2	0.25
322	-0.6	-7.8	0.61
323	-1.7	-10	0
324	-2.8	-14.4	0
325	-0.6	-15	0
326	-0.6	-9.4	0
327	-3.9	-6.7	0.53
328	-2.2	-9.4	0
329	-2.8	-13.3	0
330	-5.6	-17.8	0
331	-5	-20.6	0
332	0	-18.3	0
333	-2.8	-17.2	0
334	0	-14.4	0
335	-0.6	-7.2	0
336	4.4	-1.7	0
337	3.3	-2.8	0
338	3.3	-7.2	0
339	-2.8	-5	0
340	2.8	-3.9	0
341	1.7	-2.8	0
342	2.8	-1.1	0
343	3.9	-6.1	0
344	-5	-15	0
345	-3.3	-15	0
346	-3.3	-13.9	0
347	0.6	-8.9	0
348	-0.6	-10	0
349	1.7	-7.8	0
350	5.6	-4.4	0
351	7.2	-5.6	0
352	7.8	-5.6	0
353	1.7	-2.8	0
354	2.8	-4.4	0
355	0.6	-7.2	0
356	0	-9.4	0.15
357	0.6	-10.6	0
358	-0.6	-3.3	0.76
359	2.8	-12.2	0
360	-3.3	-15	0
361	2.2	-17.8	0
362	-2.2	-15	0
363	1.1	-12.8	0
364	1.7	-6.1	0
365	2.2	-8.3	0
