#weather for site US Sheep Experiment Station year = 1997
#DOY Tmax(C) Tmin(C) PPT(cm)
1	4.4	1.1	1.22
2	2.2	-0.6	0.84
3	0	-10.6	0
4	-4.4	-14.4	0.03
5	-5	-16.1	0
6	-5	-11.1	0.05
7	-5	-14.4	0
8	-0.6	-7.2	0
9	2.8	-4.4	0
10	0	-10.6	0
11	-10.6	-21.7	0
12	-11.7	-20.6	0
13	-4.4	-13.9	0
14	-5.6	-14.4	0
15	-4.4	-15.6	0
16	-3.9	-13.9	0.05
17	1.7	-13.3	0
18	7.2	-6.7	0
19	3.3	-5.6	0
20	0.6	-3.3	0.05
21	0.6	-6.7	0.43
22	-1.1	-17.2	0
23	-7.8	-16.7	0
24	-4.4	-15.6	0.15
25	2.2	-6.7	0
26	0	-13.3	0
27	0.6	-9.4	0
28	-1.1	-8.3	0
29	0	-4.4	0.03
30	0.6	-3.3	0
31	2.8	-1.7	0
32	2.8	-5.6	0.03
33	0	-10	0
34	-0.6	-13.9	0.13
35	-2.8	-12.2	0
36	1.1	-12.8	0
37	-1.1	-16.7	0
38	-1.1	-18.3	0
39	0	-14.4	0
40	-0.6	-12.2	0
41	2.8	-6.1	0
42	2.8	-3.9	0.23
43	-0.6	-10.6	0
44	0	-8.9	0
45	1.1	-7.2	0
46	5.6	-5	0
47	4.4	-3.3	0.03
48	6.1	-6.7	0
49	3.3	-5	0
50	3.9	-9.4	0
51	1.1	-12.2	0
52	0	-11.7	0
53	0.6	-11.1	0
54	5	-11.7	0
55	2.2	-12.2	0
56	1.1	-6.1	0
57	2.2	-4.4	0.25
58	0.6	-9.4	0
59	-2.2	-15	0
60	1.7	-4.4	0.64
61	-1.1	-10.6	0.18
62	1.7	-12.2	0.05
63	-1.1	-15.6	0
64	3.9	-10	0
65	4.4	-9.4	0
66	6.7	-5	0
67	1.7	-10.6	0
68	10.6	-6.7	0
69	7.2	-2.8	0
70	9.4	-3.3	0
71	2.8	-9.4	0
72	0	-12.2	0
73	1.1	-11.1	0
74	8.3	-2.2	0
75	9.4	1.1	0
76	8.9	-3.3	0
77	11.1	0	0
78	15	1.7	0
79	12.8	1.1	0
80	12.8	-2.8	0
81	12.2	-1.1	0
82	7.8	-3.3	0
83	9.4	-6.1	0
84	15.6	-1.7	0
85	15.6	0	0.08
86	6.1	-4.4	0.15
87	5.6	-8.3	0
88	13.3	-3.9	0
89	10.6	-2.2	0.23
90	3.3	-8.3	0
91	6.7	-3.9	0
92	10.6	-6.1	0
93	8.9	-3.9	0.18
94	-2.8	-8.9	0
95	4.4	-11.1	0
96	NA	NA	NA
97	10.6	-6.7	0
98	10.6	-5	0
99	8.3	-1.7	0.18
100	3.3	-7.2	0
101	2.2	-10.6	0
102	6.7	-10.6	0
103	10.6	-8.3	0
104	12.2	-1.1	0
105	15	-1.1	0
106	18.9	-1.7	0
107	20	3.9	0
108	19.4	0	0
109	17.2	5	0.05
110	15	3.9	0.23
111	13.3	-2.2	0
112	13.9	-2.2	0
113	12.2	0.6	1.37
114	15.6	-0.6	0.56
115	15	2.8	0.13
116	15.6	-0.6	0
117	16.1	3.3	0
118	13.3	1.7	0
119	12.8	0.6	0.23
120	10	0	0.23
121	10	-1.7	0
122	9.4	-2.8	0
123	15.6	-2.2	0
124	20	2.2	0
125	20	1.1	0
126	20	2.2	0
127	18.9	0.6	0
128	17.8	-1.1	0
129	22.2	1.1	0
130	25	5	0
131	22.8	7.8	0
132	22.8	3.3	0
133	23.9	8.3	0
134	24.4	8.3	0
135	26.1	7.8	0
136	25.6	6.7	0
137	23.3	6.1	0.03
138	18.3	5	0
139	24.4	0.6	0
140	22.8	4.4	0
141	21.1	5	0.51
142	22.8	3.3	0
143	21.1	7.2	0.05
144	18.3	5.6	1.57
145	11.1	1.7	0.89
146	13.9	1.7	0.05
147	18.9	3.9	0
148	20	5	0
149	17.2	8.9	1.6
150	23.3	7.2	0.69
151	25.6	8.9	0.05
152	22.8	10.6	0.03
153	23.3	6.7	0
154	26.7	7.2	0
155	26.7	12.2	0
156	25.6	8.9	0
157	21.7	7.8	0.03
158	26.1	8.9	0
159	22.2	8.9	0
160	23.9	8.9	0.2
161	20.6	11.1	1.19
162	21.7	8.9	0.15
163	21.7	7.8	0.1
164	22.8	7.8	0
165	23.3	7.8	0.91
166	21.1	12.2	1.73
167	23.3	8.9	0.36
168	24.4	8.3	0
169	25	8.9	1.24
170	25	8.9	0
171	23.3	7.8	0
172	25	4.4	0
173	25.6	6.7	0
174	22.2	6.7	0
175	21.1	1.1	0
176	22.8	3.9	0
177	29.4	6.1	0
178	29.4	12.2	0
179	27.8	8.9	0
180	25.6	8.9	0
181	26.7	10.6	0
182	26.1	5	0.53
183	21.1	5.6	0.2
184	21.1	3.9	0.08
185	26.7	6.1	0
186	28.9	10	0.15
187	28.9	10.6	0
188	28.3	10.6	0
189	29.4	8.9	0
190	32.2	11.1	0
191	30.6	13.9	0.05
192	22.2	5.6	0
193	20.6	5.6	0.18
194	22.2	4.4	0
195	28.9	6.7	0
196	32.2	11.7	0
197	31.7	13.9	0
198	31.1	15	0
199	27.8	14.4	0
200	25	8.9	0.13
201	26.7	8.9	0
202	30	11.1	0
203	32.2	11.1	0
204	32.2	12.8	0
205	30	12.2	0
206	30	13.3	0.03
207	27.8	7.8	0
208	30	11.1	0
209	31.1	11.7	0
210	27.8	13.9	0.43
211	26.7	10.6	0.51
212	27.8	10	0
213	28.9	10	0.03
214	31.7	11.1	0
215	33.9	12.8	0
216	27.8	16.1	0.15
217	18.3	12.8	1.52
218	28.9	14.4	0
219	29.4	11.1	0
220	30	10.6	0
221	29.4	9.4	0
222	25.6	10	0.46
223	24.4	8.3	0
224	22.2	8.3	0.79
225	22.2	7.2	0.48
226	25.6	9.4	0.41
227	28.3	8.3	0
228	28.9	9.4	0
229	27.2	7.2	0
230	28.3	11.1	0
231	28.3	10	0
232	30.6	9.4	0
233	30.6	12.2	0.23
234	31.1	11.7	0
235	31.7	11.1	0
236	27.2	14.4	0.1
237	30	8.3	0
238	32.2	12.2	0
239	32.2	13.9	0
240	30	10	0
241	29.4	11.1	0
242	28.9	8.9	0
243	29.4	11.1	0
244	28.9	10.6	0
245	27.8	12.2	0.2
246	21.7	12.8	0.03
247	26.7	7.8	0
248	26.7	9.4	0
249	26.7	8.9	0.03
250	27.8	7.2	0
251	31.1	9.4	0
252	30	11.7	0
253	30	11.7	0.05
254	27.2	10	0.99
255	12.2	8.3	0.1
256	25	7.2	0
257	26.7	10.6	0
258	26.7	7.2	0
259	19.4	1.7	0
260	22.8	2.2	0
261	23.3	7.2	0.05
262	16.7	3.9	0
263	20.6	5	0
264	16.7	7.2	0.23
265	19.4	7.2	0
266	24.4	2.8	0
267	22.8	3.3	0
268	23.3	5	0
269	22.8	11.7	0
270	22.8	3.3	0
271	18.3	-1.1	0
272	21.7	1.1	0
273	24.4	4.4	0
274	27.2	7.8	0
275	23.9	8.9	0.05
276	17.8	0	0
277	21.1	2.2	0
278	17.2	-1.1	0
279	20	0	0
280	5	3.3	0.05
281	8.3	-0.6	0.43
282	8.3	0	0.2
283	11.7	0.6	0.3
284	11.7	0.6	0.25
285	6.7	-5	0
286	11.7	-3.9	0
287	13.9	-2.8	0
288	18.3	-0.6	0
289	19.4	0	0
290	18.9	1.1	0
291	19.4	0.6	0
292	17.8	1.1	0
293	13.9	2.8	0
294	13.9	-3.3	0
295	13.3	-1.1	0
296	10	0	0.18
297	1.7	-1.7	0.13
298	3.9	-7.2	0
299	8.9	-3.9	0
299	5.6	-6.7	0
300	8.3	-3.3	0
301	7.2	-2.2	0
302	12.2	1.7	0
303	13.9	1.7	0
304	10	-6.1	0
305	8.3	-6.7	0
306	5.6	-3.9	0
307	11.7	-5	0
308	13.9	-2.2	0
309	16.1	-0.6	0
310	12.8	0.6	0
311	10.6	0.6	0
312	8.3	-1.7	0
313	7.8	-4.4	0
314	5	-5.6	0
315	6.1	-10	0
316	6.1	-7.8	0
317	6.1	-7.2	0
318	1.1	-14.4	0
319	1.7	-13.3	0
320	3.3	-3.9	0
321	0.6	-6.7	0
322	0.6	-2.8	0.53
323	1.1	-2.2	0
324	2.2	-5.6	0
325	0	-8.3	0
326	0	-8.9	0.05
327	6.1	-4.4	0
328	6.1	-4.4	0
329	1.1	-8.9	0.43
330	8.9	-3.9	0
331	6.1	-1.7	0
332	6.1	-2.8	0
333	5.6	-5	0
334	2.8	-3.3	0
335	1.7	-5.6	0
336	1.1	-13.9	0
337	1.7	-11.1	0
338	4.4	-11.7	0
339	5.6	-7.8	0
340	2.2	-2.2	0.33
341	0	-2.8	0.64
342	-1.7	-4.4	0.08
343	-3.3	-12.8	0
344	-6.1	-17.8	0
345	-9.4	-20	0
346	1.7	-15	0
347	5	-10.6	0
348	0	-7.2	0
349	0.6	-3.9	0
350	1.7	-2.8	0.03
351	0.6	-7.8	0.48
352	-3.3	-12.2	0
353	-2.2	-15	0
354	-5.6	-15	0
355	-3.9	-11.1	0
356	-7.8	-17.8	0.03
357	-2.8	-18.3	0
358	-4.4	-17.8	0
359	-10	-12.2	0
360	-1.1	-18.9	0.13
361	-3.9	-12.2	0
362	-2.2	-12.2	0
363	-0.6	-6.1	0
364	3.3	-7.8	0
365	2.2	-8.9	0
