#weather for site US Sheep Experiment Station year = 2015
#DOY Tmax(C) Tmin(C) PPT(cm)
1	-8.9	-19.4	0
2	-8.3	-14.4	0
3	-6.1	-11.1	0
4	0	-7.2	0
5	2.8	-1.1	0
6	6.7	-5.6	0
7	3.9	-6.1	0
8	2.8	-8.9	0
9	0.6	-2.2	0
10	0.6	-2.2	0
11	3.9	-2.2	0
12	1.1	-6.7	0
13	-2.8	-12.2	0
14	-6.7	-12.2	0
15	-2.8	-7.2	0
16	-2.2	-11.1	0
17	1.1	-2.8	0
18	1.1	-6.7	0
19	-2.2	-11.1	0
20	-4.4	-13.3	0
21	-3.3	-14.4	0
22	-2.2	-9.4	0
23	-2.8	-10	0
24	0.6	-4.4	0
25	7.8	-1.1	0
26	7.8	-1.1	0
27	3.3	1.1	0.91
28	3.3	-0.6	0
29	5	-4.4	0
30	2.2	-10.6	0
31	-1.7	-8.3	0
32	-1.7	-3.3	0
33	0.6	-2.8	0
34	2.8	-2.8	0
35	6.7	0	0
36	10	1.1	0
37	10.6	2.8	0.15
38	10	-1.1	0
39	9.4	3.3	0.05
40	7.8	-1.1	0
41	7.8	0	0
42	9.4	1.7	0
43	11.1	-1.1	0
44	10.6	1.1	0
45	10	1.1	0
46	5.6	-2.8	0
47	3.9	-7.8	0
48	6.7	-5.6	0
49	8.9	-3.3	0
50	8.3	-0.6	0
51	6.7	-3.3	0
52	-2.2	-11.7	0
53	6.7	-11.7	0
54	6.7	-7.8	0
55	5	-5	0
56	4.4	-6.7	0
57	2.2	-6.1	0
58	1.1	-7.2	0
59	3.3	-10	0
60	6.1	-10	0
61	4.4	-9.4	0
62	0.6	-12.8	0
63	3.3	-9.4	0
64	10	-5.6	0
65	11.1	-2.2	0
66	13.3	-2.2	0
67	NA	NA	NA
68	12.2	-3.9	0
69	14.4	-3.3	0
70	13.3	2.2	0
71	16.7	2.2	0
72	15.6	0	0
73	15.6	2.2	0
74	17.2	6.1	0
75	17.2	6.1	0
76	16.7	5.6	0
77	15.6	0.6	0
78	13.3	-1.7	0
79	16.7	-0.6	0
80	16.1	3.9	0
81	13.9	-0.6	0
82	13.9	2.2	0
83	7.8	-3.3	0.13
84	10	-3.3	0.08
85	13.3	-2.8	0
86	18.3	0.6	0
87	18.9	3.9	0
88	17.8	-1.7	0
89	19.4	-0.6	0
90	20	4.4	0
91	19.4	-2.2	0
92	7.2	-5.6	0
93	10	-7.8	0
94	10.6	-2.2	0
95	12.2	2.2	0
96	11.7	1.7	0
97	10.6	-6.1	0
98	11.1	-1.1	0
99	8.9	-2.8	0.36
100	14.4	-1.1	0.23
101	15	1.1	0
102	13.9	-5	0
103	16.7	-3.3	0
104	17.2	2.2	0
105	6.7	-1.7	0.03
106	13.9	0	0
107	20	1.7	0
108	19.4	5.6	0
109	17.2	0	0
110	18.9	0.6	0
111	21.1	2.8	0
112	22.2	3.9	0
113	22.2	5	0
114	17.8	1.1	0
115	12.2	7.2	0.66
116	11.1	2.8	0
117	16.1	1.1	0
118	20	1.1	0
119	24.4	3.9	0
120	23.3	6.7	0
121	22.2	1.7	0
122	24.4	3.9	0
123	22.8	5.6	0
124	22.2	4.4	0
125	21.1	7.8	0
126	16.7	5	0.15
127	16.7	5.6	0.2
128	15	4.4	0
129	15	3.3	0
130	15.6	-0.6	0
131	17.2	-1.7	0
132	21.1	5	0.36
133	18.9	4.4	0.13
134	19.4	5	0.53
135	16.7	7.2	0.89
136	13.3	7.8	3.53
137	15.6	6.7	0
138	18.3	5	0.1
139	15.6	8.3	0.03
140	16.7	5	0.03
141	17.8	8.9	0.2
142	18.9	7.2	0
143	20.6	8.3	0.33
144	19.4	8.9	0.13
145	20.6	7.2	0.13
146	17.2	6.7	0.51
147	16.7	6.1	0.13
148	17.8	10.6	2.18
149	21.1	7.8	0.08
150	22.8	8.9	0
151	24.4	10	0
152	26.7	13.3	0
153	20.6	6.7	0.25
154	21.7	7.8	0
155	23.3	7.2	0
156	25.6	12.2	0
157	25.6	10.6	0
158	26.1	8.3	0
159	29.4	11.1	0
160	30	12.2	0
161	30.6	12.8	2.77
162	27.2	12.8	0
163	28.3	11.7	0
164	28.3	10.6	0
165	25.6	10	0
166	28.3	11.7	0
167	26.7	11.1	0
168	30	11.1	0
169	31.1	11.7	0
170	30.6	14.4	0
171	28.9	10.6	0
172	28.3	11.1	0
173	27.8	10	0
174	30.6	12.8	0
175	31.1	13.9	0
176	30.6	15	0
177	33.3	15	0
178	34.4	15	0
179	35.6	16.7	0
180	36.1	18.3	0
181	31.7	17.2	0.23
182	33.9	16.7	0.08
183	34.4	17.8	0
184	34.4	16.1	0
185	34.4	17.2	0
186	33.9	16.7	0
187	26.7	13.9	0
188	28.9	12.2	0.43
189	27.2	13.9	0
190	25.6	11.1	0
191	26.1	12.2	0.84
192	25.6	7.8	0.15
193	29.4	10	0
194	28.3	12.2	0
195	26.1	8.9	0
196	25.6	12.8	0
197	28.3	8.9	0.03
198	28.9	12.8	0
199	22.2	11.7	0
200	27.2	6.7	0
201	27.8	11.1	0
202	30	10.6	0
203	30	12.2	0
204	27.8	12.8	0.3
205	28.3	8.9	0
206	28.9	9.4	0
207	30.6	11.1	0
208	30	9.4	2.41
209	20.6	5	0.23
210	25.6	6.7	0
211	29.4	11.1	0
212	32.2	13.3	0
213	32.8	15.6	0
214	34.4	17.2	0
215	33.3	15	0
216	27.2	13.3	0.13
217	25.6	13.3	0.53
218	26.7	10	0
219	28.3	11.7	0
220	27.2	12.2	0.64
221	25.6	8.3	0
222	30	10	0
223	32.2	13.3	0
224	31.1	16.7	0
225	33.3	14.4	0
226	32.2	17.2	0
227	29.4	13.9	0.51
228	27.8	9.4	0
229	26.1	11.1	0
230	23.9	8.3	0
231	25	7.2	0
232	28.3	10.6	0
233	29.4	8.9	0
234	28.9	7.8	0
235	26.7	6.7	0
236	31.1	10.6	0
237	33.9	11.7	0
238	33.3	15	0
239	27.2	10.6	0
240	30	10.6	0
241	31.1	16.1	0.2
242	26.1	11.1	0
243	25.6	5	0
244	28.9	5.6	0
245	28.9	12.2	0
246	27.8	13.9	0
247	24.4	7.8	0
248	23.3	5	0
249	15.6	-1.7	0
250	21.1	1.7	0
251	22.8	3.9	0
252	26.1	5	0
253	27.8	8.9	0
254	28.9	11.7	0
255	29.4	10	0
256	29.4	10.6	0
257	29.4	7.8	0
258	24.4	9.4	0.36
259	15.6	5.6	0.64
260	13.3	5	0.58
261	15	1.1	0
262	19.4	1.7	0
263	22.8	3.9	0
264	26.7	6.1	0
265	27.8	7.2	0
266	27.8	7.2	0
267	27.2	6.7	0
268	30	11.7	0
269	28.9	11.7	0
270	27.2	8.3	0
271	23.3	7.8	0
272	25.6	6.7	0
273	26.7	7.2	0
274	26.7	11.7	0
275	24.4	10	1.6
276	15.6	9.4	0
277	16.7	4.4	0
278	21.7	4.4	0
279	21.7	7.8	0
280	21.1	6.7	0
281	21.1	9.4	0
282	21.7	7.8	0
283	25.6	8.3	0
284	25	8.9	0
285	18.3	1.1	0
286	20.6	3.9	0
287	21.1	4.4	0
288	23.9	5.6	0
289	23.9	6.1	0
290	22.8	5.6	0
291	21.1	10.6	0
292	17.2	9.4	0.76
293	12.8	6.1	0.08
294	15.6	3.3	0
295	15.6	1.1	0
296	14.4	2.2	0
297	12.8	2.8	0
298	12.8	5.6	0
299	12.2	2.2	0
300	11.7	-1.1	0.1
301	10.6	-2.2	0
302	8.9	0.6	0
303	8.3	-5	0
304	8.3	-0.6	0
305	11.1	2.8	0
305	7.2	2.2	0.66
306	6.1	1.1	1.37
307	1.7	-1.1	0.69
308	1.1	-1.7	0
309	5	-4.4	0.08
310	4.4	-5.6	0
311	7.2	-3.3	0
312	6.7	-0.6	0
313	5	-1.1	0.05
314	1.7	-7.2	0
315	4.4	-5	0
316	5.6	-4.4	0
317	9.4	-2.2	0
318	10	-1.1	0
319	5	-3.3	0
320	-0.6	-7.8	0
321	3.9	-4.4	0
322	0.6	-8.9	0
323	1.1	-7.2	0
324	-1.7	-13.9	0
325	4.4	-10	0
326	6.1	-6.7	0
327	6.7	-6.1	0
328	3.3	-7.8	0
329	-4.4	-10	0
330	-3.3	-12.8	0
331	-2.8	-10.6	0
332	-3.3	-14.4	0
333	-6.7	-15	0
334	-3.3	-14.4	0
335	-1.1	-13.3	0
336	3.9	-9.4	0
337	5.6	-4.4	0
338	2.2	-5.6	0
339	3.3	-6.7	0
340	2.8	-4.4	0
341	2.8	0	0
342	10.6	1.7	0
343	2.8	-4.4	0.15
344	0.6	-8.9	0.08
345	-1.1	-6.1	0
346	-1.1	-2.8	0.61
347	-0.6	-3.9	1.04
348	-1.7	-6.1	0
349	-4.4	-14.4	0
350	-6.7	-19.4	0
351	-3.3	-10	0.1
352	1.1	-5	0.08
353	-1.1	-5	0.41
354	-1.7	-8.9	0.3
355	-0.6	-12.8	0.15
356	-6.7	-15.6	0.08
357	-6.7	-13.3	0.05
358	-3.9	-13.3	0.38
359	-8.3	-22.2	0
360	-9.4	-24.4	0
361	-9.4	-15.6	0
362	-11.7	-16.7	0.05
363	-7.8	-15.6	0.13
364	-10.6	-21.1	0
365	-7.8	-18.3	0
