#weather for site US Sheep Experiment Station year = 2002
#DOY Tmax(C) Tmin(C) PPT(cm)
1	-2.2	-14.4	0
2	-0.6	-9.4	0.74
3	-1.7	-11.1	0.18
4	-5	-11.1	0.08
5	-2.2	-10.6	0.05
6	2.2	-3.3	0.08
7	2.2	-3.9	0
8	1.1	-7.2	0
9	-2.2	-11.7	0
10	0.6	-7.8	0
11	0.6	-7.8	0
12	-3.9	-11.7	0
13	-2.8	-13.3	0
14	-1.7	-9.4	0
15	-7.8	-17.8	0
16	-7.2	-16.7	0.05
17	-7.8	-18.9	0.18
18	-6.7	-20	0.1
19	-8.9	-17.2	0.03
20	0	-12.2	0
21	0	-13.3	0.1
22	-10	-17.8	0
23	-6.7	-15.6	0
24	-2.8	-11.1	0
25	1.7	-8.9	0.05
26	1.1	-5	0
27	-4.4	-9.4	0
28	-7.8	-21.7	0.08
29	-12.2	-20.6	0
30	-10	-22.2	0
31	-7.2	-15.6	0.1
32	-2.2	-13.9	0.03
33	-2.2	-15	0
34	-5	-17.2	0
35	0	-17.8	0
36	-1.1	-16.1	0
37	1.1	-12.2	0
38	0.6	-5.6	0.13
39	0	-12.2	0
40	-2.2	-16.1	0
41	-2.2	-14.4	0
42	-5.6	-16.7	0
43	-2.8	-18.3	0
44	1.7	-13.3	0
45	-1.7	-17.2	0
46	3.3	-15.6	0
47	3.9	-6.1	0
48	-0.6	-7.2	0.03
49	-1.1	-5.6	0.1
50	1.1	-9.4	0.05
51	-0.6	-11.1	0
52	5	-6.7	0
53	4.4	-4.4	0
54	1.7	-6.1	0
55	-5.6	-17.8	0
56	-9.4	-23.3	0
57	-5.6	-19.4	0
58	-3.9	-15	0
59	-6.1	-15.6	0
60	-8.9	-18.9	0
61	-9.4	-22.2	0
62	-3.9	-16.7	0
63	0.6	-11.7	0
64	2.8	-6.7	0
65	2.2	-2.2	0.23
66	1.1	-11.7	0.33
67	-2.2	-18.3	0
68	1.7	-10	0
69	0.6	-4.4	0
70	4.4	-1.1	0
71	3.3	-5.6	0
72	2.8	-8.3	0
73	-0.6	-15	0
74	0	-13.3	0
75	-2.8	-10.6	0.2
76	-3.9	-17.2	0
77	-2.8	-13.3	0
78	5.6	-7.8	0
79	6.1	-8.3	0
80	8.3	-4.4	0
81	9.4	0.6	0
82	3.9	-0.6	0
83	6.1	-1.1	0.13
84	5	-1.1	0
85	10	-2.2	0
86	6.7	-5.6	0
87	6.7	-5.6	0
88	8.9	-0.6	0
89	8.3	-3.3	0
90	17.2	-2.2	0
91	12.2	-7.2	0
92	10	-6.7	0
93	13.3	-3.3	0
94	17.2	-0.6	0
95	17.8	3.9	0
96	12.2	-1.1	0
97	NA	NA	NA
98	15.6	0	0
99	13.9	0.6	0
100	12.8	2.8	0
101	12.2	-2.8	0.08
102	14.4	1.1	0
103	18.9	1.1	0
104	19.4	6.7	0.64
105	12.8	-0.6	0.48
106	3.9	-2.2	0.2
107	5	-2.8	0.05
108	7.2	-2.8	0.05
109	6.7	-1.7	0
110	9.4	-3.9	0
111	12.2	-5	0
112	17.8	-2.2	0
113	16.7	1.1	0
114	10.6	-9.4	0
115	15.6	-3.9	0
116	16.7	0.6	0
117	14.4	1.7	0.36
118	13.3	1.1	0.05
119	18.3	-1.7	0
120	17.8	5	0.13
121	12.8	0.6	0
122	17.8	-3.3	0
123	17.8	0.6	0
124	16.7	-2.8	0
125	15.6	3.9	0
126	16.7	2.8	0
127	16.1	3.3	0
128	10	-3.9	0.03
129	12.2	-6.7	0
130	13.9	-0.6	0
131	15	1.1	0
132	18.9	-0.6	0
133	22.2	2.2	0
134	21.7	5	0
135	18.9	2.2	0
136	18.3	3.3	0
137	18.9	3.3	0
138	26.7	5.6	0
139	28.9	7.8	0
140	26.7	13.9	0
141	21.1	2.8	1.3
142	9.4	0.6	0.81
143	11.1	0.6	0
144	15.6	3.3	0.13
145	20	1.1	0
146	18.9	7.2	0
147	22.2	5.6	0
148	24.4	7.8	0
149	26.7	8.9	0
150	30.6	10	0
151	29.4	10.6	0
152	27.2	12.2	0.53
153	15.6	8.3	1.73
154	18.3	3.3	0
155	21.7	5.6	0
156	24.4	6.7	0
157	25	6.7	0
158	24.4	8.3	0
159	20	3.9	0.2
160	13.9	1.7	0
161	14.4	-0.6	0
162	18.3	1.1	0
163	20.6	2.8	0
164	23.9	7.8	0
165	27.2	7.8	0
166	28.9	11.7	0
167	30	9.4	0.28
168	28.3	11.1	0
169	23.3	12.2	0
170	20	2.2	0
171	25	4.4	0
172	30.6	11.1	0
173	30.6	11.7	0.48
174	26.1	7.8	0.05
175	30.6	9.4	0
176	33.9	12.8	0
177	35.6	16.1	0
178	34.4	14.4	0
179	33.9	13.3	0
180	31.1	14.4	0
181	31.1	8.3	0
182	30.6	10	0
183	29.4	9.4	0
184	33.3	14.4	0
185	31.7	12.2	0
186	32.2	10.6	0
187	33.9	16.1	0
188	33.3	15	0.08
189	32.2	13.9	0
190	31.7	10.6	0
191	36.1	14.4	0
192	38.3	16.1	0
193	38.9	16.7	0
194	39.4	17.2	0
195	37.8	16.7	0
196	35	16.7	0
197	33.3	15	0
198	32.8	14.4	0
199	32.8	15.6	0
200	29.4	13.9	0.43
201	29.4	13.3	0
202	31.1	13.3	0
203	31.7	13.9	0
204	33.3	12.8	0
205	35	15.6	0
206	33.3	16.1	0
207	28.9	10.6	0.2
208	30	11.7	0
209	27.2	8.3	0
210	32.2	8.3	0
211	33.3	11.7	0
212	33.9	11.7	0
213	29.4	9.4	0
214	28.9	12.8	0
215	30	8.9	0
216	30.6	11.7	0
217	30	10	0
218	28.9	10.6	0
219	28.9	11.7	0
220	27.2	6.7	0.13
221	23.9	5	0
222	29.4	6.1	0
223	31.7	8.3	0
224	28.9	10	0
225	28.3	10	0
226	33.3	9.4	0
227	33.3	11.7	0
228	33.9	8.9	0
229	32.2	9.4	0
230	27.8	8.9	0
231	30	5.6	0
232	30	10.6	0
233	28.3	11.7	0
234	26.1	5.6	0
235	27.8	8.9	0
236	27.2	8.9	0
237	29.4	7.8	0
238	30	12.8	0
239	26.7	11.1	0
240	28.3	10	0.13
241	28.3	9.4	0
242	27.8	7.2	0.03
243	27.2	10.6	0.33
244	28.9	7.2	0
245	28.3	10	0
246	32.2	10	0
247	31.7	12.2	0
248	28.9	11.1	0
249	25	11.1	0.84
250	16.1	8.3	0.51
251	20	5.6	0
252	21.7	3.9	0
253	25	5.6	0
254	27.8	7.2	0
255	27.8	8.9	0
256	28.3	7.8	0
257	28.3	7.8	0
258	28.9	9.4	0
259	26.7	8.9	0
260	22.8	6.7	0.41
261	17.2	5	0.03
262	18.9	2.8	0
263	22.2	2.2	0
264	21.1	1.1	0
265	22.2	-0.6	0
266	23.9	2.2	0
267	23.3	3.9	0
268	22.2	6.1	0
269	18.9	1.7	0
270	17.2	5	0
271	20	3.9	0.13
272	18.3	3.3	0
273	16.7	-1.1	0
274	12.8	0	0
275	11.7	0.6	0
276	13.3	-0.6	0
277	14.4	1.1	0
278	16.7	2.2	0
279	18.9	1.7	0
280	17.8	0	0
281	17.8	1.7	0
282	17.8	0	0
283	18.3	0.6	0
284	17.2	1.1	0
285	12.2	-7.8	0
286	14.4	-6.7	0
287	15	-1.7	0
288	16.7	-2.2	0
289	18.3	2.8	0
290	17.8	-1.7	0
291	17.2	-2.2	0
292	17.2	-1.7	0
293	16.7	0	0
294	17.8	2.2	0
295	16.7	1.7	0
296	10.6	-1.7	0
297	10	-1.1	0.53
298	10	-5	0
299	12.8	-4.4	0
300	12.8	-3.9	0
300	7.8	-2.8	0.05
301	2.8	-4.4	0
302	-3.3	-12.2	0.23
303	-4.4	-13.9	0.15
304	-5	-18.9	0
305	-3.9	-17.2	0
306	-1.1	-14.4	0
307	1.1	-11.1	0
308	2.8	-12.2	0
309	8.3	-6.7	0
310	8.3	-2.8	0
311	7.2	-1.1	0.56
312	6.7	-2.2	0
313	1.7	-4.4	0.15
314	0.6	-6.1	0
315	1.7	-3.9	0.05
316	6.7	-2.8	0
317	3.9	-6.7	0
318	0	-9.4	0
319	3.9	-5.6	0
320	7.2	-6.1	0
321	1.7	-6.7	0
322	3.9	-6.7	0
323	7.8	-3.9	0
324	12.2	-3.3	0
325	10.6	-1.7	0
326	5.6	0	0.94
327	0	-6.7	0.1
328	0.6	-11.1	0
329	0.6	-11.1	0
330	1.1	-8.9	0
331	5.6	-6.7	0
332	7.8	-5.6	0
333	10.6	-3.3	0
334	10	-4.4	0
335	3.3	-1.1	0
336	3.9	-3.3	0
337	2.8	-2.2	0
338	2.2	-2.8	0
339	1.7	-1.1	0
340	5.6	-8.3	0
341	-1.1	-9.4	0
342	4.4	-11.7	0
343	0.6	-5.6	0
344	2.2	-4.4	0
345	-0.6	-5.6	0
346	2.8	-1.7	0
347	3.3	-1.1	0.2
348	3.9	0	0
349	1.1	-3.9	0.28
350	1.1	-1.7	0.3
351	-1.1	-13.3	0
352	-4.4	-8.3	0
353	-3.3	-9.4	0.15
354	-2.8	-11.7	0.05
355	-1.7	-6.1	0
356	-1.1	-11.7	0
357	-6.7	-18.3	0.03
358	-7.8	-16.1	0.08
359	-5.6	-16.7	0.15
360	0	-6.7	0.2
361	3.3	-0.6	0
362	2.2	-3.9	0
363	-1.7	-11.7	0
364	0.6	-3.3	0.79
365	0	-12.8	0
