#weather for site US Sheep Experiment Station year = 2014
#DOY Tmax(C) Tmin(C) PPT(cm)
1	-1.7	-6.1	0
2	2.2	-4.4	0
3	0.6	-10	0
4	-7.2	-13.3	0
5	-5.6	-18.3	0
6	-2.2	-8.9	0
7	-1.7	-8.9	0
8	-1.7	-6.1	0.15
9	-2.8	-10	0
10	2.2	-5	0
11	2.2	-11.1	0
12	0.6	-7.8	0
13	1.7	-7.2	0
14	-1.1	-3.9	0
15	-1.7	-7.2	0
16	-0.6	-12.2	0
17	2.2	-10	0
18	1.7	-8.3	0
19	3.9	-6.7	0
20	2.2	-8.3	0
21	0	-7.8	0
22	1.1	-5.6	0
23	-0.6	-11.1	0
24	-0.6	-8.9	0
25	-2.2	-11.1	0
26	-1.7	-6.7	0
27	-3.3	-15.6	0
28	-3.9	-7.8	0.18
29	-1.1	-6.7	0
30	-2.2	-11.7	0
31	-3.3	-13.3	0
32	-4.4	-11.1	0
33	-4.4	-7.8	0.53
34	-4.4	-18.9	0.05
35	-16.7	-23.9	0
36	-10	-27.2	0
37	-6.7	-13.3	-999.9
38	-1.1	-8.9	-999.9
39	3.9	-7.2	-999.9
40	2.2	-10.6	0
41	0	-5	0
42	3.9	-6.7	0.15
43	7.2	-1.7	0
44	5	-6.7	0.13
45	1.1	-3.9	-999.9
46	5	1.1	-999.9
47	3.9	-8.9	-999.9
48	3.9	-6.7	0.03
49	2.8	-3.3	0
50	1.1	-14.4	0
51	5	-11.7	0
52	3.9	-10	0
53	2.8	-10.6	0
54	7.2	-6.1	0
55	3.9	-3.9	0
56	5.6	-12.2	0
57	8.3	-3.3	0
58	7.8	0	0.15
59	-7.2	-14.4	-999.9
60	0	-11.7	-999.9
61	7.2	0	-999.9
62	9.4	-0.6	0.05
63	10	-2.2	0
64	12.8	3.3	1.02
65	9.4	1.1	0
66	8.9	-3.3	0
67	8.9	1.7	0
68	NA	NA	NA
69	8.9	3.3	0
70	7.2	1.1	0.15
71	8.3	-5	0
72	11.1	-2.8	0
73	11.1	-2.8	0
74	11.1	-2.8	0
75	12.8	-1.7	0
76	12.8	2.2	0
77	7.2	-1.7	0
78	8.3	-6.7	0
79	11.7	-2.8	0
80	8.9	-6.1	0
81	7.2	-6.1	0
82	10	-5.6	0
83	11.1	-4.4	0
84	17.2	-1.7	0
85	16.1	3.3	0
86	8.3	-0.6	0.36
87	10	-3.3	0
88	12.2	1.7	0
89	10.6	1.7	0.66
90	5.6	-3.3	0
91	7.8	-6.1	0.23
92	7.2	-1.1	0.51
93	8.3	-3.9	0.13
94	10	0.6	0
95	10	-1.1	-999.9
96	12.8	0	-999.9
97	15.6	0	0
98	19.4	1.7	0
99	20.6	3.9	0
100	19.4	1.1	0
101	18.9	1.7	0
102	18.9	5.6	-999.9
103	11.7	-2.2	-999.9
104	11.1	-7.8	0
105	15	1.1	0
106	12.8	-2.8	0
107	17.2	-1.1	0
108	18.3	5.6	0
109	18.3	-1.1	0
110	17.8	3.3	0
111	18.9	0	0
112	20	7.8	0.05
113	13.3	-2.2	1.24
114	10.6	-1.7	0.05
115	10.6	3.3	0.36
116	10.6	6.7	1.96
117	11.1	1.1	0.18
118	11.1	-2.8	0
119	12.2	-1.1	0
120	17.8	0.6	0
121	21.1	2.2	0
122	23.3	5	0
123	23.3	6.7	0
124	22.2	8.9	0
125	16.1	5	0
126	16.1	5	0.03
127	12.2	2.8	0.3
128	14.4	-1.7	0
129	12.8	5.6	0.71
130	9.4	1.1	-999.9
131	11.1	1.1	-999.9
132	12.2	1.7	0
133	16.1	-0.6	0
134	20	4.4	0
135	22.8	5	0
136	22.2	-9999	0
137	22.2	5.6	0.05
138	22.2	7.2	0
139	16.7	3.3	0
140	20.6	4.4	0
141	23.9	6.7	0
142	26.7	6.1	0
143	27.2	8.9	0
144	26.7	8.3	-999.9
145	25.6	7.8	-999.9
146	28.3	7.8	-999.9
147	27.2	8.9	0
148	27.8	10	0
149	27.2	5.6	0
150	25	3.3	0
151	25	13.3	0
152	20.6	8.9	0
153	26.1	6.1	0.08
154	25	11.1	0
155	23.3	6.7	0.23
156	26.7	5.6	0
157	26.1	8.3	0
158	23.3	6.7	0
159	22.8	5	0.41
160	27.8	6.1	0
161	27.2	10	0
162	23.9	6.7	0
163	27.8	6.7	0
164	25.6	12.8	0
165	20.6	4.4	0
166	20	3.3	0
167	19.4	3.3	0.1
168	13.9	4.4	0.13
169	13.3	-0.6	0.05
170	23.3	6.1	0
171	27.8	7.8	0
172	27.2	11.7	0
173	22.8	10.6	0.25
174	25.6	8.3	0
175	28.9	10.6	0
176	26.7	12.2	0.15
177	25	12.8	0
178	22.8	11.1	-999.9
179	23.3	5	-999.9
180	27.2	7.2	0
181	26.7	7.8	0
182	26.7	7.8	0
183	30.6	11.1	0
184	31.1	13.9	0
185	33.9	12.2	0
186	35	13.3	0
187	34.4	16.7	0
188	33.3	17.8	0
189	32.2	15	0
190	32.8	15	0
191	32.8	14.4	0
192	32.2	14.4	0
193	31.7	14.4	0.03
194	32.2	14.4	0
195	31.1	17.2	0
196	28.9	13.3	0
197	30	11.1	0
198	30.6	12.2	0
199	32.2	11.1	0.3
200	32.2	13.9	0
201	33.3	13.3	0
202	32.8	15	0.05
203	30	11.1	0
204	33.3	15.6	0
205	31.7	13.9	0
206	27.2	5.6	0
207	28.9	11.1	0
208	32.8	13.3	0
209	33.3	18.3	0
210	30	16.7	0
211	27.8	13.3	0.18
212	29.4	10.6	0.13
213	29.4	13.3	1.22
214	30.6	11.7	0
215	33.3	15.6	0
216	31.1	16.1	0.43
217	23.3	15	0.58
218	23.9	17.2	2.82
219	25	13.9	0.08
220	26.1	12.8	0
221	28.3	11.7	0
222	30.6	13.3	0
223	32.2	14.4	0
224	31.7	15	0
225	28.3	14.4	0.33
226	26.7	15.6	1.07
227	28.3	12.8	0.03
228	28.9	11.7	0
229	28.9	13.3	0
230	30	13.9	0.13
231	28.3	11.7	0
232	27.8	10.6	0.3
233	20	11.7	1.09
234	17.8	9.4	0.03
235	16.1	10.6	1.42
236	18.3	7.2	0
237	18.9	9.4	0
238	23.3	8.9	0
239	25.6	8.9	0
240	26.7	10	0
241	27.8	11.1	0
242	27.2	12.2	0.46
243	19.4	9.4	1.27
244	21.1	7.2	0
245	23.9	6.7	0
246	23.3	8.3	0
247	21.7	4.4	0
248	23.3	6.7	0
249	25	7.2	0
250	26.7	8.9	0
251	26.7	8.3	0
252	26.1	8.3	0
253	22.2	6.7	0
254	18.9	3.3	0
255	17.2	-2.2	0
256	22.2	2.8	0
257	25.6	5.6	0
258	27.2	8.9	0
259	28.3	10.6	0
260	27.8	10	0
261	26.7	13.3	0.15
262	25	7.8	0.03
263	26.1	7.8	0
264	25.6	12.2	0
265	23.9	11.1	0.36
266	22.2	7.8	0.03
267	27.8	11.7	0
268	28.9	10.6	0
269	27.8	7.8	0
270	22.2	11.7	2.51
271	15.6	11.1	1.09
272	13.9	7.2	1.17
273	15.6	7.8	0.13
274	14.4	3.3	0.1
275	14.4	1.7	0
276	14.4	-0.6	0
277	17.2	2.2	0
278	20.6	5.6	0
279	20.6	5.6	0
280	21.1	6.7	0
281	21.1	5.6	0
282	21.7	6.1	0
283	21.1	5	0
284	17.8	4.4	0
285	13.3	4.4	0
286	12.2	-1.7	0
287	17.8	3.3	0
288	19.4	6.7	0
289	17.8	-1.1	0
290	17.2	-0.6	0
291	18.3	5	0
292	18.3	3.3	0
293	20.6	2.2	0
294	19.4	5.6	0.15
295	11.1	-0.6	0
296	12.8	3.3	0
297	18.9	7.2	0
298	20.6	5.6	0
299	18.3	2.8	0
300	8.3	-4.4	0
301	8.3	-4.4	0
302	11.1	-2.2	0
303	16.1	1.1	0
304	18.3	4.4	0
305	18.3	5.6	0.15
306	5.6	0	0.2
306	5	-5.6	0
307	3.3	-3.9	0
308	8.3	-1.1	0
309	10	0	0
310	14.4	1.7	0
311	11.1	-2.8	0
312	7.2	-1.1	0
313	6.7	-4.4	0
314	-3.3	-15	0
315	-7.2	-18.9	0
316	-6.1	-18.3	0
317	-2.8	-8.3	0.15
318	-3.9	-15	0
319	-7.8	-18.3	0
320	-6.7	-17.2	0
321	-2.8	-14.4	0
322	3.3	-6.1	0
323	3.9	-5	0
324	5	-6.7	0
325	2.8	-1.1	0.56
326	4.4	-7.8	0
327	3.3	-8.3	0
328	2.8	-5	0
329	3.3	-2.2	0
330	7.8	0	0
331	11.1	0	0
332	7.8	0.6	0
333	2.8	-8.9	0
334	-2.8	-12.2	0
335	0	-4.4	0
336	1.1	-5	0.18
337	3.3	0.6	0.03
338	7.2	1.1	0
339	6.7	1.7	0
340	6.7	-2.8	0
341	6.1	0.6	0
342	7.8	-1.1	0
343	9.4	-0.6	0
344	10.6	0.6	0
345	10.6	2.2	0
346	7.8	-0.6	0.43
347	1.7	-2.2	0
348	0	-5.6	0
349	1.7	-6.7	0
350	0.6	-2.2	0.23
351	-1.1	-6.7	0
352	0	-1.7	0.38
353	0	-1.7	0.25
354	3.3	-0.6	0.28
355	2.2	-4.4	0
356	-1.7	-10	0
357	-1.1	-7.8	0.08
358	-1.7	-4.4	0.53
359	-2.2	-8.3	0
360	-7.2	-16.7	0
361	-2.8	-10	0.33
362	-6.7	-12.8	0
363	-12.8	-20	0
364	-12.8	-21.1	0
365	-12.8	-20	0
