#weather for site US Sheep Experiment Station year = 1999
#DOY Tmax(C) Tmin(C) PPT(cm)
1	-0.6	-11.7	0
2	-4.4	-14.4	0
3	-5.6	-8.9	0
4	-2.2	-7.2	0
5	1.1	-6.7	0
6	0	-7.2	0
7	-2.8	-12.8	0
8	-2.2	-6.7	0
9	0.6	-7.8	0
10	2.8	-7.2	0
11	0	-8.3	0
12	2.2	-5.6	0
13	1.1	-4.4	0
14	6.7	-2.8	0
15	1.7	-7.2	0.28
16	0	-15	0
17	4.4	-6.1	0.41
18	2.2	-5	0.13
19	0.6	-2.8	0.38
20	3.3	-3.3	0.23
21	1.1	-8.9	0.05
22	0.6	-5	0.81
23	-3.3	-15.6	0
24	-1.7	-18.3	0
25	0.6	-7.8	0.25
26	-4.4	-14.4	0.15
27	-6.7	-10.6	0.05
28	-3.9	-15	0
29	2.2	-12.8	0
30	2.8	-11.1	0
31	-2.2	-8.9	0.13
32	-6.1	-10.6	0.03
33	-3.3	-12.2	0
34	4.4	-9.4	0
35	-1.1	-12.8	0
36	0	-11.7	0.15
37	1.7	-1.7	0.56
38	1.1	-12.8	0
39	3.9	-6.7	0.64
40	2.8	-8.9	0.08
41	-3.9	-20	0
42	-2.2	-15.6	0
43	3.9	-11.1	0
44	1.7	-5	0
45	-1.7	-10.6	0
46	-0.6	-6.7	0
47	5	-4.4	0.43
48	1.7	-13.3	0
49	-0.6	-6.1	0.23
50	-3.3	-15.6	0
51	0	-10.6	0.58
52	-2.8	-14.4	0.23
53	-0.6	-12.2	0
54	5	-3.9	0
55	5.6	-2.8	0
56	2.8	-9.4	0.2
57	2.2	-12.2	0
58	3.9	-3.3	0
59	6.1	-2.2	0
60	1.7	-12.2	0
61	6.1	-6.7	0
62	1.7	-14.4	0
63	-2.8	-16.1	0
64	-1.7	-15.6	0
65	0.6	-5	0.18
66	1.1	-6.7	0.03
67	2.8	-6.1	0.15
68	0.6	-5.6	0.03
69	2.8	-9.4	0
70	4.4	-7.8	0
71	3.9	-8.3	0
72	7.2	-5.6	0
73	7.2	-2.2	0
74	7.2	-3.3	0
75	5	-11.1	0
76	8.9	-7.2	0
77	11.1	-3.3	0
78	8.9	-2.2	0
79	7.8	1.7	0.08
80	3.3	0	0.08
81	7.8	-4.4	0
82	10	-2.8	0
83	13.3	-0.6	0
84	11.1	1.1	0
85	7.2	-5	0.03
86	3.3	-10	0
87	10	-6.1	0
88	10	0	0
89	6.1	-6.1	0
90	1.1	-4.4	0
91	2.2	-6.7	0
92	5	-10	0
93	5	-6.1	0.08
94	NA	NA	NA
95	1.7	-7.2	0.15
96	6.7	-1.1	0.53
97	10	-2.8	0
98	11.1	-1.1	0.18
99	3.3	-1.1	1.07
100	2.8	-6.7	0
101	7.2	-10	0
102	14.4	-4.4	0
103	15	-2.8	0
104	13.9	-3.9	0
105	10	-8.9	0
106	14.4	-3.9	0
107	18.3	-1.7	0
108	22.2	2.2	0
109	20	5	0
110	16.7	3.3	0
111	9.4	-2.8	0.66
112	7.8	-2.8	0.1
113	13.3	1.7	0
114	16.1	0	0
115	16.7	5	0
116	16.1	0	0
117	16.7	0	0.2
118	11.7	2.8	0.76
119	9.4	1.1	0.36
120	15	1.1	0.15
121	15	2.8	1.6
122	8.9	3.3	0.41
123	8.3	0.6	0.2
124	7.8	-3.3	0.64
125	9.4	-6.1	0.18
126	14.4	-3.3	0
127	18.3	1.1	0
128	16.7	-1.1	0
129	15	-2.2	0.05
130	6.7	-4.4	0.53
131	12.2	-3.9	0
132	13.9	0.6	0
133	13.3	0	1.35
134	8.9	-1.7	0.15
135	8.9	-0.6	0.84
136	10	0	0.79
137	14.4	0	0
138	19.4	2.8	0
139	20	5.6	0
140	21.1	3.3	0
141	21.7	5	0
142	22.2	5.6	0
143	26.1	6.7	0
144	26.7	8.3	0
145	26.7	8.3	0
146	23.9	7.8	0.05
147	23.9	5.6	0.36
148	25	5	0
149	22.2	8.9	0.86
150	11.1	4.4	2.11
151	13.9	3.3	0.56
152	20	5	0
153	18.9	6.1	0.13
154	15.6	6.1	1.22
155	20	0.6	0
156	20.6	6.7	0
157	12.8	6.7	2.34
158	15	5.6	0.28
159	16.7	6.1	0.08
160	15	-0.6	0
161	18.9	1.7	0
162	21.1	2.8	0
163	22.8	6.1	0
164	26.1	7.2	0
165	25	10.6	0.03
166	25.6	10.6	0
167	26.1	10.6	0.03
168	25.6	10	0.05
169	25.6	7.2	0.05
170	26.7	7.8	0
171	28.3	9.4	0
172	31.1	11.7	0
173	25.6	10.6	0
174	25	7.8	0
175	27.8	6.1	0
176	25	11.1	0
177	21.7	2.8	0
178	22.2	6.1	0
179	22.8	3.9	0
180	23.9	9.4	0
181	26.1	9.4	0.08
182	26.7	5	0
183	26.1	5.6	0
184	25	5	0
185	25	7.8	0
186	25	4.4	0
187	31.7	6.1	0
188	31.1	15	0
189	29.4	7.2	0
190	27.8	7.8	0
191	30	10.6	0
192	32.2	13.3	0
193	31.7	12.2	0
194	32.2	11.7	0
195	31.1	12.2	0
196	27.2	7.2	0
197	28.9	5	0
198	27.8	10	0
199	28.3	7.8	0
200	30	10	0
201	29.4	11.7	0
202	30	12.2	0
203	30.6	11.1	0
204	32.8	9.4	0
205	31.7	15	0
206	29.4	8.3	0
207	31.1	8.9	0
208	33.3	13.3	0
209	33.3	13.3	0
210	31.7	16.1	0
211	30.6	12.2	0
212	29.4	12.8	0
213	29.4	10.6	0
214	32.2	12.2	0
215	32.2	17.2	0
216	30.6	15.6	0
217	28.9	12.2	0.33
218	28.9	12.8	0
219	29.4	11.7	0
220	29.4	10	0
221	31.7	12.2	0
222	32.8	10	0
223	31.1	10.6	0.36
224	23.3	8.3	0.71
225	26.1	7.8	0
226	27.8	10.6	0
227	26.1	10	0
228	27.2	5	0
229	30.6	8.3	0
230	32.2	10	0
231	32.2	15	0
232	31.7	11.7	0
233	28.3	12.8	0.05
234	28.9	9.4	0
235	32.2	11.7	0
236	31.1	13.9	0
237	30.6	10	0
238	31.7	11.1	0
239	31.1	12.2	0
240	28.3	13.9	0.25
241	28.9	7.8	0
242	28.3	10.6	0.56
243	17.8	3.9	0.79
244	20	2.8	0
245	20.6	7.2	0
246	19.4	5	0
247	18.9	3.3	0.03
248	23.3	3.9	0
249	26.1	5.6	0
250	23.3	4.4	0
251	23.3	2.8	0
252	23.9	5	0
253	22.8	7.8	0
254	21.1	6.7	0
255	20.6	2.2	0
256	24.4	2.8	0
257	26.1	6.1	0
258	26.7	6.7	0
259	26.7	5.6	0
260	27.2	6.1	0
261	26.7	7.2	0
262	24.4	6.1	0.05
263	22.2	2.8	0
264	27.2	4.4	0
265	27.2	3.3	0
266	26.7	6.7	0
267	26.1	7.8	0
268	23.9	2.2	0
269	19.4	-1.7	0
270	10.6	-3.9	0
271	10.6	-4.4	0
272	16.7	-3.3	0
273	20	0.6	0
274	20.6	4.4	0
275	18.3	0	0
276	16.7	-2.2	0
277	20	-1.1	0
278	23.3	1.7	0
279	23.3	5	0
280	16.7	-1.1	0
281	18.3	0.6	0
282	19.4	2.2	0
283	20.6	3.3	0
284	22.2	6.1	0
285	22.8	3.3	0
286	21.7	1.1	0
287	20.6	2.8	0
288	17.8	-2.8	0
289	9.4	-5.6	0
290	11.7	-7.2	0
291	13.9	0.6	0
292	12.8	-3.9	0
293	15	-3.3	0
294	18.3	-1.7	0
295	18.9	-1.1	0
296	19.4	-0.6	0
297	16.7	1.7	0
298	18.3	1.1	0
299	19.4	0.6	0
300	18.9	0.6	0
301	11.7	2.2	0.33
302	8.3	-1.7	0.03
303	10	-2.8	0
304	12.8	-5.6	0
304	15.6	-3.9	0
305	9.4	-7.2	0
306	12.8	-1.7	0
307	17.2	-1.1	0
308	16.7	0.6	0
309	18.9	1.7	0
310	18.9	3.3	0
311	14.4	3.3	0
312	10.6	-4.4	0
313	11.7	-3.9	0
314	15.6	2.8	0
315	17.2	1.1	0
316	15	-0.6	0
317	18.9	-0.6	0
318	17.8	1.1	0
319	17.2	-2.2	0
320	16.7	1.1	0
321	6.1	-5	0
322	5	-6.7	0
323	5	-2.2	0.25
324	0.6	-10	0
325	0.6	-11.1	0
326	0	-13.3	0
327	-1.1	-11.7	0
328	0.6	-3.3	0.08
329	10	-4.4	0.13
330	6.7	-1.1	0
331	10.6	-1.7	0
332	10.6	-1.1	0
333	13.9	1.1	0
334	7.8	-1.1	0
335	-2.2	-5.6	0.2
336	0	-8.9	0.23
337	-2.2	-15.6	0
338	-1.1	-15	0
339	-2.2	-13.3	0
340	-2.8	-10.6	0.1
341	-3.9	-13.3	0
342	-3.3	-7.8	0.36
343	-4.4	-10.6	0
344	-3.3	-10	0.33
345	-2.8	-10	0.05
346	-0.6	-9.4	0.74
347	-8.3	-19.4	0
348	-3.9	-10.6	0.1
349	-1.7	-6.7	0.03
350	-1.7	-6.7	0
351	0.6	-6.7	0.28
352	0	-11.1	0
353	-0.6	-8.3	0
354	0.6	-8.9	0.13
355	0.6	-10	0
356	-1.7	-11.7	0
357	0	-10.6	0
358	2.8	-10.6	0
359	3.3	-5.6	0
360	1.7	-11.7	0
361	-0.6	-10	0
362	-2.2	-12.2	0
363	-2.8	-12.8	0
364	-1.7	-11.1	0
365	-2.2	-12.8	0.03
