#weather for site US Sheep Experiment Station year = 1944
#DOY Tmax(C) Tmin(C) PPT(cm)
1	-5	-7.2	0.08
2	-2.2	-5.6	0.36
3	-2.8	-16.7	0
4	-8.9	-22.2	0
5	-7.8	-13.9	0.1
6	-4.4	-9.4	0.58
7	-6.7	-18.3	0
8	-6.7	-15.6	0
9	-4.4	-15	0
10	-2.2	-17.8	0
11	-2.8	-22.8	0
12	-2.2	-18.3	0
13	0.6	-11.1	0
14	-1.1	-11.7	0
15	-3.9	-11.7	0
16	-2.2	-10	0
17	-1.7	-7.2	0
18	-3.9	-12.8	0
19	0.6	-10.6	0
20	3.9	-11.7	0
21	1.1	-10	0
22	3.9	-8.9	0
23	2.2	-8.9	0.25
24	0	-12.2	0
25	-5	-17.2	0
26	-0.6	-12.8	0
27	-3.3	-12.2	0
28	-5	-18.3	0
29	-8.3	-12.8	0.03
30	-6.1	-18.3	0
31	-1.1	-12.2	0
32	0	-4.4	0
33	-1.1	-4.4	0
34	3.3	-4.4	0
35	2.2	-2.8	0.69
36	-1.1	-10.6	0
37	1.7	-3.9	0
38	1.7	-2.2	0
39	1.1	-5.6	0
40	-1.1	-5.6	0.15
41	-5	-12.2	0
42	-5	-12.8	0.05
43	-3.3	-14.4	0
44	-6.7	-13.3	0
45	-5	-9.4	0.2
46	-6.1	-15	0
47	-6.7	-11.1	0.41
48	-7.2	-14.4	0
49	-6.7	-12.2	0.03
50	-1.7	-14.4	0
51	-4.4	-15.6	0
52	-0.6	-11.1	0.38
53	-1.7	-8.9	0.15
54	0	-4.4	0
55	-0.6	-12.8	0
56	-2.2	-9.4	0
57	0	-10	0
58	-1.7	-11.7	0
59	-1.1	-11.7	0
60	0.6	-3.9	0.51
61	0	-4.4	0.2
62	-1.1	-11.7	0
63	1.7	-13.9	0
64	0	-5	0.56
65	0	-10	0.03
66	-2.2	-16.7	0
67	-4.4	-17.2	0
68	-1.7	-12.8	0
69	2.8	-8.3	0
70	1.1	-1.7	0
71	1.1	-8.9	0
72	1.7	-13.3	0
73	-3.3	-16.1	0.61
74	-8.9	-16.7	0
75	0	-10	0
76	0	-8.3	0
77	3.3	-3.9	0
78	3.9	-3.9	0
79	1.7	-5	0
80	0.6	-2.8	0
81	0	-5.6	0
82	-1.1	-11.1	0
83	2.8	-6.1	0
84	3.9	-10.6	0.05
85	-1.7	-13.9	0
86	-3.9	-14.4	0
87	-4.4	-13.9	0
88	-2.2	-15.6	0
89	3.3	-8.9	0
90	5	-5.6	0
91	6.1	-3.9	0
92	7.8	-2.8	0
93	7.8	-5	0
94	11.1	-1.7	0
95	14.4	1.1	0
96	12.8	2.2	0.23
97	11.1	0	0.56
98	10	0	0
99	9.4	-1.1	0
100	12.2	2.8	0
101	10	-1.1	0
102	12.2	0.6	0
103	10.6	-1.1	0.1
104	7.2	-5	0
105	6.1	-2.2	0
106	6.7	-5.6	0
107	8.9	-2.2	0
108	8.3	-1.7	0
109	7.8	-4.4	0
110	8.9	-4.4	0
111	11.1	-2.2	0
112	12.2	-2.2	0
113	11.7	0	0.03
114	13.9	-2.8	0
115	11.7	1.7	0
116	8.9	0	1.78
117	11.1	-2.8	0.03
118	15	2.2	0
119	15.6	5	0.1
120	16.1	3.9	0
121	16.1	2.8	0
122	16.1	2.8	0
123	9.4	-0.6	0
124	12.8	-1.7	0
125	18.9	-1.7	0
126	22.2	1.7	0
127	22.2	5.6	0
128	20	5.6	0
129	18.3	1.7	0
130	17.8	6.7	0
131	17.8	4.4	0.2
132	18.3	3.3	0.36
133	22.8	7.2	0
134	25	7.8	0
135	25.6	8.9	0.05
136	25	8.3	0
137	23.9	6.1	0
138	21.1	5	0.51
139	9.4	3.3	1.91
140	10	3.9	0.74
141	13.3	2.8	0.28
142	19.4	5	0
143	16.1	1.7	0
144	10	-1.7	0
145	15	-2.2	0
146	17.2	3.9	0
147	20.6	5	0
148	22.8	6.7	0
149	23.3	6.1	0
150	22.2	8.9	0.03
151	18.9	10	0.46
152	18.3	6.7	0.18
153	16.7	7.2	0.94
154	14.4	5	2.03
155	13.9	5	0
156	16.1	8.3	0
157	17.8	3.9	0.1
158	18.3	6.7	0
159	18.3	7.8	0
160	16.7	3.9	4.62
161	15.6	6.1	1.5
162	13.3	5.6	0.36
163	11.1	3.3	0
164	15.6	4.4	0.18
165	17.2	7.2	0.18
166	21.1	6.7	0
167	21.1	5	0
168	21.1	7.2	0.18
169	18.3	6.7	0
170	20.6	3.9	0
171	22.8	8.3	0
172	22.2	6.1	0
173	19.4	7.8	0.18
174	20.6	6.7	0
175	24.4	4.4	0
176	27.2	6.7	0
177	27.2	7.8	0
178	26.7	1.1	6.6
179	12.2	5	3.68
180	17.8	4.4	0.43
181	23.3	6.1	0
182	28.9	8.9	0
183	28.3	12.2	0
184	26.1	8.9	0
185	22.2	6.1	0
186	25.6	6.7	0.03
187	22.2	10.6	0
188	23.3	4.4	0
189	22.8	8.3	0
190	23.9	7.8	0
191	23.9	8.9	0
192	21.1	7.2	0.1
193	23.9	5	0
194	26.7	8.9	0
195	27.2	10	0
196	25	8.9	0
197	28.9	9.4	0
198	30	10	0
199	30.6	12.2	0
200	30.6	13.9	0
201	27.2	15.6	0.05
202	30.6	10.6	0.97
203	25.6	7.8	0
204	27.2	10.6	0
205	25.6	7.2	0.03
206	26.7	16.7	0
207	26.7	11.1	0
208	26.1	8.3	0.03
209	29.4	11.1	0
210	29.4	13.3	0.28
211	30.6	11.7	0
212	26.7	13.9	0
213	27.8	8.9	0
214	28.3	13.9	0
215	24.4	10.6	0
216	19.4	7.2	0
217	24.4	5.6	0.2
218	30.6	8.9	0
219	30.6	10	0
220	28.9	9.4	0
221	28.3	11.7	0
222	26.7	8.9	0
223	28.9	5	0
224	30	9.4	0
225	30	8.9	0
226	29.4	8.9	0
227	20.6	9.4	0
228	24.4	3.9	0
229	26.7	6.7	0
230	31.1	8.9	0
231	30	11.7	0
232	27.8	8.9	0
233	27.2	10	0
234	28.9	11.7	0
235	28.3	11.1	0
236	30.6	11.7	0
237	28.9	13.3	0
238	24.4	7.2	0
239	24.4	7.8	0
240	26.7	6.7	0
241	28.9	7.8	0
242	23.9	5.6	0
243	26.1	7.2	0
244	29.4	7.2	0
245	27.8	11.1	0
246	17.2	7.2	0
247	21.7	3.3	0
248	25	3.9	0
249	27.8	10	0
250	28.9	8.3	0
251	30	7.8	0
252	29.4	11.7	0
253	26.7	12.8	0
254	26.7	9.4	0
255	28.3	9.4	0
256	28.3	11.7	0
257	28.9	9.4	0
258	24.4	5.6	0
259	16.1	-1.1	0
260	18.3	2.8	0
261	14.4	1.1	0.86
262	12.2	-1.1	0
263	14.4	0	0
264	18.9	-0.6	0
265	26.7	4.4	0
266	19.4	1.7	0
267	22.8	5.6	0
268	24.4	5.6	0
269	25	6.1	0
270	25	6.7	0
271	21.7	3.9	0
272	21.7	2.2	0
273	20	4.4	0.81
274	7.2	2.2	0
275	13.9	0	0
276	17.2	-0.6	0
277	18.3	1.1	0
278	20	3.3	0
279	20	2.8	0
280	15.6	0	0
281	22.2	0.6	0
282	25	4.4	0
283	24.4	5.6	0.08
284	20	5.6	0
285	23.3	4.4	0
286	22.8	3.3	0
287	20.6	6.1	0
288	19.4	5.6	0
289	18.9	3.9	0.43
290	14.4	2.8	0.15
291	10.6	2.8	0.2
292	16.7	2.8	0
293	16.7	0.6	0
294	17.2	0.6	0
295	17.2	0.6	0
296	15.6	1.7	0
297	16.7	1.7	0
298	17.8	1.7	0
299	19.4	2.2	0
300	21.7	3.3	0
301	22.2	3.3	0
302	21.1	2.2	0
303	18.3	1.7	0
304	16.1	2.2	0
305	13.9	3.9	0.43
306	6.7	0	0.2
307	4.4	-4.4	0
308	3.9	-3.9	0.3
309	6.1	1.7	0.76
310	5.6	2.2	1.35
311	6.7	1.7	0
312	7.2	-0.6	0
313	5.6	-2.8	0
314	8.3	-1.7	0
315	6.1	0	0.2
316	2.2	-1.1	0.69
317	3.3	-0.6	0.81
318	2.2	-3.9	0.81
319	-1.1	-6.7	0
320	-2.2	-9.4	0
321	-1.1	-11.7	0
322	-0.6	-12.8	0
323	1.7	-11.7	0
324	-5.6	-12.2	0
325	-6.1	-9.4	0
326	-6.7	-10.6	0
327	-6.7	-10.6	0
328	1.1	-12.8	0
329	0.6	-5.6	0
330	-0.6	-10.6	0
331	-5	-10	0.08
332	0	-6.1	0.13
333	-1.7	-12.8	0
334	-2.8	-9.4	0
335	0	-10.6	0
336	1.7	-5.6	0
337	0.6	-3.3	0.38
338	0	-8.9	0
339	-3.9	-13.9	0
340	-2.2	-6.7	0
341	-1.1	-4.4	0.08
342	0	-3.3	0
343	-1.1	-7.8	0
344	-2.8	-15.6	0
345	-2.2	-15.6	0
346	-1.7	-16.1	0
347	0	-11.7	0
348	0.6	-12.2	0
349	-1.1	-14.4	0
350	1.7	-10.6	0
351	0	-13.3	0
352	-4.4	-14.4	0
353	-1.1	-13.9	0
354	-0.6	-8.9	0
355	-1.1	-6.1	0.03
356	-3.3	-8.9	0
357	-3.3	-11.7	0
358	-3.3	-20	0
359	-6.1	-12.8	0.03
360	-6.1	-11.1	0.05
361	-5.6	-10.6	0
362	-6.7	-10	0
363	-3.3	-14.4	0.25
364	-2.8	-7.2	0.05
365	-5	-10	0
366	-7.2	-17.2	0
