#weather for site US Sheep Experiment Station year = 1937
#DOY Tmax(C) Tmin(C) PPT(cm)
1	-14.4	-21.7	0
2	-15.6	-21.7	0
3	-10.6	-18.9	0.18
4	-8.3	-20.6	0
5	-19.4	-28.3	0
6	-17.8	-27.8	0
7	-18.3	-30	0
8	-16.1	-28.3	0
9	-9.4	-21.1	0
10	-1.7	-17.2	0
11	-9.4	-17.8	0
12	-2.2	-16.7	0
13	-10	-18.3	0.25
14	-5.6	-15.6	0.15
15	-5.6	-12.8	0
16	-12.8	-18.9	0
17	-9.4	-18.9	0.13
18	-9.4	-20.6	0.1
19	-18.3	-27.8	0
20	-21.7	-33.3	0
21	-20	-26.7	0
22	-14.4	-21.7	0
23	-9.4	-23.3	0
24	-14.4	-23.3	0.15
25	-3.9	-16.1	0
26	-8.9	-14.4	0.23
27	-6.1	-12.8	1.04
28	-7.8	-17.2	0.03
29	-9.4	-20	0
30	-10.6	-17.8	0.08
31	-6.7	-15.6	0
32	-4.4	-10	0.15
33	-5	-10	0
34	-2.8	-11.1	0.1
35	-0.6	-7.2	0.43
36	-6.1	-13.9	0.25
37	-6.7	-11.1	0.2
38	-7.2	-20	0
39	-11.1	-18.3	0
40	-7.8	-17.2	0
41	-2.2	-13.3	0
42	-0.6	-6.7	0
43	-2.2	-15	0
44	0	-15	0.94
45	-3.3	-15.6	0
46	-5	-13.3	0
47	-6.1	-18.9	0
48	-2.8	-13.9	0
49	-8.9	-17.2	0.05
50	-8.9	-21.7	0
51	-7.2	-16.1	0
52	-5	-12.8	0
53	3.9	-7.2	0
54	3.3	-10.6	0
55	0	-8.3	0
56	-2.8	-9.4	0
57	-1.1	-11.1	0
58	-1.1	-8.3	0
59	1.1	-9.4	0
60	0	-3.9	0.28
61	-0.6	-12.2	0
62	-1.1	-12.8	0
63	5.6	-10	0
64	3.9	-8.3	0
65	2.2	-6.1	0
66	2.8	-10.6	0
67	3.9	-9.4	0
68	2.2	-10	0
69	5	-6.1	0
70	3.3	-6.1	0
71	1.7	-5.6	0.13
72	1.1	-6.1	0
73	5	-1.1	0
74	3.3	-0.6	0.08
75	2.2	-10.6	0
76	3.9	-3.9	0.46
77	-0.6	-7.8	0
78	-1.1	-6.7	0.25
79	2.2	-10.6	0
80	3.3	-5.6	0.38
81	0.6	-3.9	0.25
82	5	-8.3	0
83	1.7	-7.8	0
84	3.3	-10	0
85	3.3	-11.1	0
86	4.4	-7.2	0
87	3.3	-6.1	0
88	3.3	-3.3	0
89	4.4	-6.1	0
90	3.9	2.2	0
91	3.3	0.6	0
92	2.2	0	0
93	1.7	-6.7	0
94	-9999	-9999	0
95	3.9	-7.8	0
96	5	-2.2	0
97	5	-7.2	0
98	11.7	-3.9	0
99	8.3	-3.9	0
100	5.6	-0.6	0
101	8.3	-4.4	0
102	14.4	2.2	0
103	14.4	0.6	0
104	20	2.2	0
105	9.4	-0.6	0
106	9.4	-3.9	0
107	10.6	-3.3	0
108	12.2	-0.6	0
109	14.4	-0.6	0
110	15.6	2.2	0
111	7.2	-6.1	0
112	5.6	-6.1	0
113	11.1	-6.1	0
114	18.3	-2.8	0
115	22.2	1.1	0
116	17.8	3.9	0
117	4.4	-2.2	0.56
118	3.3	-1.7	1.22
119	11.7	0.6	0.03
120	17.8	-0.6	0
121	18.9	3.3	0
122	19.4	3.3	0
123	21.7	3.3	0
124	15	5	0
125	15	3.9	0.15
126	20.6	2.2	0
127	18.9	5	0
128	21.1	2.2	0
129	17.2	6.7	0
130	17.8	2.8	0
131	17.8	1.7	0
132	23.9	2.2	0
133	22.2	8.9	0
134	20	2.8	0
135	23.9	3.3	0
136	25	6.7	0
137	24.4	9.4	0
138	20	3.3	0
139	17.8	-0.6	0
140	18.3	-1.1	0
141	26.7	2.2	0
142	23.9	5	0
143	23.3	2.8	0
144	22.8	7.2	0
145	21.7	7.8	0
146	26.1	6.7	0.08
147	26.1	8.3	0
148	18.9	5	0
149	16.7	5.6	0
150	15.6	5	0.81
151	17.2	0	0.89
152	21.7	6.1	0
153	23.3	6.7	0.13
154	11.1	1.1	0
155	13.9	0.6	0
156	16.7	0	0
157	20	1.1	0
158	18.3	6.7	0.79
159	17.2	5.6	0.13
160	18.9	5	0.36
161	18.3	5.6	0
162	15.6	4.4	0.97
163	16.7	2.8	0
164	21.1	6.1	0
165	21.7	8.3	0.33
166	26.1	9.4	0
167	20	7.2	0
168	19.4	1.1	0
169	21.7	5	0
170	27.8	11.1	0
171	33.3	10.6	0
172	32.8	12.8	0.1
173	30	13.9	0
174	24.4	4.4	0
175	23.9	6.7	0
176	26.1	5	0
177	28.3	7.2	0
178	31.1	11.1	0
179	31.7	12.8	0
180	29.4	10	0.08
181	31.1	12.2	0
182	32.2	11.1	0
183	32.2	13.3	0
184	35.6	13.9	0
185	32.2	17.8	0
186	25	13.9	0
187	27.2	13.9	0
188	24.4	12.8	0
189	26.7	11.1	0.28
190	30	10	0
191	30.6	12.8	0
192	30.6	13.3	0
193	26.7	12.8	0
194	22.2	8.9	0.84
195	23.3	3.9	0.08
196	27.2	11.1	0
197	29.4	12.8	0
198	30	10.6	0
199	30	10	0
200	32.2	12.8	0
201	35.6	11.7	0
202	31.7	16.1	0
203	29.4	14.4	0
204	32.2	12.8	0
205	32.8	13.9	0
206	30.6	13.9	0
207	31.7	13.3	0.05
208	33.3	12.2	0.1
209	30	12.2	0
210	28.3	12.8	0.61
211	25.6	10	0
212	18.9	6.1	0.51
213	22.8	5.6	0
214	26.7	6.1	0
215	31.1	6.1	0
216	34.4	8.9	0
217	32.8	11.7	0
218	32.8	11.1	0
219	32.8	11.1	0
220	31.7	10.6	0
221	27.2	10.6	0
222	29.4	12.8	0
223	31.7	14.4	0
224	35	12.2	0
225	32.2	14.4	0
226	30.6	12.8	0
227	32.8	10.6	0
228	32.2	11.1	0.08
229	29.4	10.6	0
230	28.3	8.9	0
231	30.6	8.3	0
232	32.8	11.7	0
233	31.7	11.1	0
234	25	11.7	0
235	26.1	4.4	0
236	28.3	6.7	0
237	32.2	8.3	0
238	30.6	10.6	0
239	24.4	15	0
240	21.7	7.2	0
241	27.2	3.3	0
242	27.8	6.7	0
243	28.9	9.4	0
244	28.3	9.4	0.03
245	31.7	10	0
246	26.1	9.4	0.2
247	-9999	-9999	0
248	23.3	5.6	0
249	28.9	6.1	0
250	25.6	11.7	0.13
251	25	7.2	0
252	26.7	7.2	0
253	27.2	8.3	0
254	24.4	9.4	0
255	27.8	11.1	0
256	28.9	11.7	0
257	28.9	13.3	0
258	28.9	12.2	0
259	29.4	7.8	0
260	30	8.3	0
261	30	13.3	0
262	23.9	6.7	0.05
263	15	6.7	0.69
264	24.4	6.1	0
265	13.3	3.3	0
266	11.1	1.1	0
267	12.2	-4.4	0
268	18.9	0.6	0
269	20.6	1.7	0
270	18.9	2.2	0
271	21.7	2.8	0
272	20	0	0
273	22.8	5	0
274	23.3	6.7	0
275	16.7	1.1	0
276	7.8	2.8	0.03
277	10	-2.8	0
278	11.7	-2.8	0
279	17.8	-2.2	0
280	17.8	1.1	0
281	19.4	-0.6	0
282	20.6	2.8	0
283	20.6	2.8	0
284	19.4	2.2	0
285	19.4	2.8	0
286	18.3	3.3	0
287	13.9	3.9	1.02
288	7.2	2.8	0.05
289	19.4	4.4	0.03
290	10.6	0.6	0
291	10	-5	0
292	-9999	-9999	0
293	-9999	-9999	0
294	18.3	-0.6	0
295	18.3	1.7	0
296	17.2	2.2	0
297	17.2	2.8	0
298	17.8	1.1	0
299	17.8	1.1	0
300	18.9	1.1	0
301	15	2.2	0
302	18.3	1.7	0
303	14.4	1.7	0.05
304	7.2	-5	0
305	11.1	-2.2	0
306	8.3	-3.9	0
307	11.1	-2.8	0
308	10.6	-5	0
309	11.1	-1.7	0
310	8.9	-7.2	0
311	7.2	-6.1	0
312	12.2	-3.3	0
313	12.8	1.7	0
314	10.6	-6.1	0
315	5.6	-7.8	0
316	4.4	-8.3	0
317	3.3	0	0.48
318	2.2	-1.7	0.1
319	1.7	-2.2	0
320	1.1	-6.7	0.03
321	-2.2	-9.4	0
322	-1.1	-8.9	0.51
323	1.7	-2.2	0.13
324	7.8	-2.8	0
325	5	-3.9	0
326	4.4	-3.3	0
327	3.9	-1.7	0.05
328	0.6	-3.9	0
329	1.7	-7.2	0
330	-0.6	-6.7	0
331	4.4	-5	0
332	2.2	-8.3	0
333	0.6	-9.4	0
334	5	-9.4	0
335	5.6	-6.7	0
336	2.2	-6.7	0
337	1.7	-7.8	0
338	-1.7	-8.3	0
339	-2.2	-5	0
340	-1.1	-9.4	0
341	-2.8	-16.1	0
342	-2.2	-15	0
343	0.6	-5	0.71
344	4.4	0.6	1.02
345	5	1.1	0.3
346	5	0.6	0
347	3.3	-8.3	0
348	0.6	-3.3	0.56
349	-1.1	-5.6	0.2
350	-2.8	-12.2	0
351	1.1	-11.1	0
352	1.1	-10	0
353	-5.6	-13.3	0
354	-5	-7.8	0
355	-2.8	-7.2	0
356	-3.3	-14.4	0
357	-6.1	-12.8	0.66
358	-5	-16.7	0
359	-2.2	-13.3	0
360	0.6	-6.1	0
361	1.7	-7.2	0
362	3.3	-7.8	0
363	3.3	-7.2	0
364	0.6	-10.6	0
365	0	-13.3	0
