#weather for site US Sheep Experiment Station year = 1954
#DOY Tmax(C) Tmin(C) PPT(cm)
1	-6.1	-15	0
2	-1.7	-9.4	0
3	-2.2	-12.8	0
4	1.7	-3.3	0
5	4.4	-5.6	0
6	2.2	-7.2	0
7	0	-10	0
8	-3.9	-7.8	0
9	-5.6	-10.6	0
10	-5	-12.2	0
11	-5.6	-8.3	0
12	-8.3	-13.3	0.13
13	-0.6	-10	0
14	0	-10	0
15	0.6	-6.1	0
16	1.1	-0.6	0.05
17	-2.2	-12.8	0
18	-3.9	-12.2	0
19	-6.1	-16.1	0.05
20	-5	-15.6	0
21	-0.6	-5.6	0.08
22	1.1	-2.8	0.2
23	-2.8	-7.8	0
24	-5.6	-15	0.03
25	-6.7	-14.4	0.05
26	-1.7	-13.3	0.05
27	3.3	-2.8	0
28	1.7	-1.7	0
29	3.3	0	0
30	2.8	0	0
31	2.8	-6.1	0
32	1.7	-7.2	0
33	6.1	-6.7	0
34	7.2	-6.7	0
35	5	-5.6	0
36	7.2	-5.6	0
37	7.2	-6.7	0
38	6.7	-7.8	0
39	5.6	-7.8	0
40	1.7	-9.4	0
41	1.1	-8.3	0
42	4.4	-1.7	0.03
43	5.6	0	0.46
44	2.8	-2.2	0.86
45	0	-8.9	0
46	0.6	-5.6	0
47	3.3	-1.7	0
48	2.8	-2.8	0.05
49	-2.2	-13.9	0
50	0	-4.4	0
51	8.3	-2.2	0.03
52	2.8	-6.7	0
53	3.9	-2.8	0
54	5.6	-3.9	0
55	5.6	-5	0
56	2.2	-3.9	0.03
57	1.1	-11.1	0
58	3.3	-6.1	0
59	-2.8	-7.8	0
60	-5.6	-16.7	0
61	-1.7	-17.8	0
62	5	-11.1	0
63	6.1	-10.6	0
64	7.2	-7.8	0
65	10	-4.4	0
66	10	0	0
67	8.9	2.2	1.02
68	8.9	0	0.1
69	1.7	-7.2	0.81
70	-3.9	-8.9	0.05
71	-1.7	-12.8	0
72	-1.1	-8.3	0
73	3.3	-7.8	0
74	7.8	-4.4	0
75	7.2	0.6	0.13
76	2.8	-5.6	0.13
77	2.2	-7.2	0
78	4.4	-5.6	0
79	2.8	-3.9	0.79
80	3.9	-10.6	0
81	3.9	-7.8	0
82	2.2	-2.8	0
83	2.8	-8.9	0
84	7.2	-3.9	0
85	7.2	-1.1	0
86	3.3	-5	0
87	-0.6	-8.3	0
88	-1.7	-12.8	0
89	6.1	-12.2	0
90	9.4	-9.4	0
91	13.3	-4.4	0
92	15	1.1	0
93	15.6	-0.6	0
94	13.9	3.3	0
95	12.2	-0.6	0.05
96	10	-5.6	0
97	13.3	-3.9	0
98	11.1	-2.8	0
99	8.9	-6.1	0
100	15.6	-3.9	0
101	18.3	-1.7	0
102	17.8	3.3	0
103	15	1.1	0.28
104	13.9	-4.4	0
105	20	-1.7	0
106	21.1	1.1	0
107	16.1	0.6	0
108	15.6	0.6	0
109	12.8	1.1	0
110	13.3	-1.1	0
111	18.3	-1.7	0
112	20.6	1.7	0
113	20.6	-0.6	0
114	18.3	7.2	0.1
115	NA	NA	NA
116	19.4	-0.6	0
117	16.7	5	0.05
118	11.1	2.2	1.47
119	8.9	-1.1	0
120	1.1	-2.2	0.33
121	2.8	-7.8	0
122	10	-5.6	0
123	13.9	0.6	0
124	18.9	1.7	0
125	22.2	6.7	0
126	20	5.6	0
127	21.1	5	0
128	23.9	7.2	0
129	26.7	8.9	0
130	25.6	7.2	0
131	21.1	6.7	0.05
132	22.2	4.4	0
133	21.1	5	0
134	22.8	5.6	0
135	26.1	7.8	0
136	25	10	0
137	26.1	8.9	0
138	28.3	9.4	0
139	31.7	9.4	0
140	26.7	12.2	0.1
141	23.9	8.9	1.14
142	13.9	4.4	0.61
143	16.7	1.1	0
144	22.2	2.8	0
145	20.6	9.4	0.25
146	11.7	-1.1	0
147	10	-1.7	0
148	11.7	-1.7	0
149	20.6	1.1	0
150	18.9	2.8	0
151	15.6	1.7	0
152	14.4	2.2	0.71
153	15	1.1	0
154	22.2	3.9	0
155	24.4	10.6	0
156	23.3	2.2	0.46
157	10.6	1.7	0.13
158	11.7	0	0.05
159	19.4	0.6	0
160	16.7	5	1.02
161	11.1	3.3	1.35
162	15.6	4.4	0.15
163	21.7	3.9	0
164	20.6	7.8	0
165	14.4	6.7	0.38
166	16.7	6.1	0
167	16.7	6.7	0.15
168	16.7	4.4	0
169	18.9	1.1	0
170	23.3	3.9	0
171	26.1	11.1	0
172	27.2	9.4	0
173	33.3	9.4	0
174	35	15	0
175	32.2	11.7	0
176	32.2	12.8	0
177	32.2	13.3	1.07
178	17.8	10	0.56
179	16.1	7.2	0.05
180	21.1	2.2	0
181	28.9	7.2	0
182	27.2	11.7	0
183	26.1	5.6	0
184	32.2	8.3	0
185	34.4	10.6	0
186	33.9	15	0.18
187	31.7	11.7	0.41
188	33.3	13.3	0
189	34.4	14.4	0
190	32.2	15	0
191	31.7	12.2	0
192	35	14.4	0
193	36.1	16.7	0
194	36.1	18.9	0
195	33.9	16.7	0.05
196	26.7	15	0.48
197	31.7	12.2	0
198	33.9	12.2	0
199	30.6	13.3	0
200	30.6	12.8	0
201	30.6	12.2	0
202	29.4	12.8	0
203	22.2	4.4	0
204	27.8	5.6	0
205	31.1	7.8	0
206	33.3	15	0
207	31.7	16.7	0
208	29.4	10.6	0
209	32.8	10.6	0
210	33.9	14.4	0
211	32.8	13.9	0
212	30.6	12.8	0
213	31.7	14.4	0
214	35	11.7	0
215	33.9	15	0
216	29.4	13.3	0
217	27.2	10	0.74
218	22.8	6.7	0.08
219	26.7	10	0
220	30	8.9	0
221	33.3	11.1	0
222	32.2	15.6	0
223	30	11.7	0
224	25.6	11.7	0.33
225	27.8	10	0.23
226	27.2	10.6	0
227	26.7	12.8	0
228	25.6	7.8	0
229	22.2	7.2	0
230	24.4	5.6	0
231	28.9	7.2	0
232	26.1	11.1	0
233	20.6	5.6	0.3
234	20.6	3.3	0.03
235	26.7	6.1	0
236	26.7	11.1	0
237	25.6	7.2	0
238	23.3	10.6	0.03
239	26.1	2.8	0
240	28.3	8.9	0
241	32.2	10.6	0
242	35	14.4	0
243	32.8	11.1	0
244	30	7.8	0
245	29.4	12.8	0.28
246	25.6	10	0.28
247	23.9	7.2	0
248	23.3	10.6	0
249	23.3	3.3	0
250	26.7	7.2	0
251	23.9	7.8	0
252	25.6	3.9	0
253	27.8	7.8	0
254	27.8	10	0
255	26.1	10	0
256	22.8	4.4	0
257	26.1	5.6	0
258	23.9	8.9	0
259	22.2	1.7	0
260	19.4	6.7	0
261	17.2	-1.7	0
262	21.7	-1.1	0
263	20.6	4.4	0
264	23.3	4.4	0
265	26.7	7.8	0
266	22.8	8.9	0.38
267	23.9	6.1	0
268	26.7	7.8	0
269	23.9	7.2	0
269	26.1	7.8	0
270	23.3	5	0
271	7.8	0	0
272	10.6	-3.9	0
273	14.4	-2.8	0
274	20.6	1.1	0
275	19.4	0.6	0
276	15.6	-0.6	0
277	17.2	1.1	0
278	21.7	2.8	0
279	23.3	7.2	0
280	21.7	5	0
281	18.3	4.4	0
282	16.1	-0.6	0
283	16.1	-0.6	0
284	7.8	-6.1	0
285	8.9	-2.2	0.05
286	9.4	-9.4	0
287	15	-5.6	0
288	20	2.8	0
289	17.2	4.4	0
290	18.3	-1.1	0
291	21.1	3.9	0
292	17.2	-3.9	0
293	15	0	0
294	20	3.9	0
295	17.8	2.2	0
296	4.4	-1.1	0.03
297	3.3	-1.7	0
298	10	-2.8	0
299	7.2	-6.7	0
300	8.9	-5.6	0
301	9.4	-5	0
302	10.6	-1.7	0
303	12.8	-3.9	0
304	15	-1.1	0
305	13.9	-2.8	0
306	13.3	-1.7	0
307	10	-3.9	0
308	11.7	-1.7	0
309	12.8	-1.7	0
310	12.8	-2.2	0
311	13.3	-3.3	0
312	14.4	-0.6	0
313	14.4	0	0
314	17.2	3.9	0
315	12.8	3.9	0.86
316	6.7	0.6	0.25
317	7.2	1.7	0
318	7.2	0.6	0.74
319	7.2	2.2	0.74
320	2.8	-3.9	0
321	3.9	-1.1	0
322	7.8	-0.6	0
323	7.2	-2.8	0
324	9.4	-1.7	0
325	10	-0.6	0
326	9.4	-1.1	0
327	10.6	-1.1	0
328	6.7	2.2	0
329	5.6	-6.7	0
330	2.8	-4.4	0
331	0	-10	0
332	-2.2	-10.6	0
333	-3.9	-13.3	0
334	0.6	-12.8	0
335	3.3	-7.8	0
336	1.1	-2.8	0.03
337	3.9	-2.2	0
338	2.8	-7.2	0.18
339	4.4	-5	0
340	1.1	-3.3	0.66
341	-5	-16.1	0
342	-1.1	-12.8	0
343	-0.6	-8.3	0.05
344	-1.1	-11.1	0
345	-2.2	-10	0
346	0	-8.9	0
347	-4.4	-11.7	0
348	-3.3	-7.2	0.08
349	-5	-15	0
350	-4.4	-15	0
351	-2.2	-13.3	0
352	2.2	-12.2	0
353	2.8	-10	0
354	3.3	-10	0
355	2.2	-7.8	0
356	2.8	-10	0
357	-1.7	-7.8	0
358	-5.6	-7.8	0
359	-2.8	-13.9	0.1
360	-10.6	-18.3	0
361	-10	-21.7	0
362	-7.8	-16.1	0
363	-6.7	-15.6	0.18
364	0	-7.2	0.36
365	0	-9.4	0.1
