#weather for site US Sheep Experiment Station year = 2009
#DOY Tmax(C) Tmin(C) PPT(cm)
1	2.2	-3.3	0
2	-0.6	-16.1	0
3	-11.1	-25.6	0
4	-11.7	-18.9	0.03
5	-8.9	-13.9	0
6	-1.1	-11.1	0
7	2.8	-2.2	0
8	2.2	-6.7	0
9	-6.1	-8.9	0
10	-5.6	-7.8	0.25
11	-1.7	-10	0
12	-3.9	-6.7	0
13	-3.3	-6.7	0
14	-1.1	-8.9	0
15	-1.1	-9.4	0
16	2.2	-10	0
17	0.6	-11.1	0
18	5	-7.8	0
19	6.7	-11.7	0
20	2.2	-8.9	0
21	1.1	-7.8	0
22	0.6	-4.4	0.03
23	1.7	-2.2	0.03
24	-1.1	-13.3	0.1
25	-13.3	-17.8	0
26	-14.4	-25.6	0
27	-11.7	-18.3	0
28	-8.9	-16.7	0.03
29	-2.8	-13.3	0
30	-3.3	-7.2	0
31	-5.6	-12.2	0
32	-5	-10	0
33	0	-12.2	0
34	3.9	-10	0
35	2.8	-7.2	0
36	0.6	-4.4	0.23
37	0	-10	0
38	5	-10	0
39	1.7	-11.1	0.05
40	-1.1	-11.7	0.1
41	-6.1	-10.6	0.25
42	-5	-15.6	0
43	-4.4	-17.2	0
44	-3.3	-12.2	0.13
45	-4.4	-10.6	0
46	-1.1	-11.7	0
47	0	-4.4	0.36
48	-2.8	-8.9	0
49	-4.4	-11.1	0
50	-3.3	-7.8	0
51	0.6	-13.9	0
52	2.2	-8.3	0
53	1.1	-1.7	0.1
54	3.3	0	0.03
55	3.3	-5.6	0
56	0.6	-6.1	0.1
57	-1.1	-12.2	0
58	-3.3	-17.2	0
59	4.4	-6.1	0
60	5	-3.3	0
61	4.4	0.6	0.25
62	5.6	-1.1	0.08
63	0.6	-5.6	0.03
64	-1.1	-5.6	0
65	-2.8	-11.1	0.03
66	-2.2	-8.3	0
67	NA	NA	NA
68	-3.9	-12.2	0
69	-5.6	-18.9	0
70	-2.2	-16.1	0
71	-0.6	-14.4	0
72	-1.1	-14.4	0
73	1.7	-10	0
74	3.3	-2.8	0
75	5.6	-1.1	0
76	6.7	-1.1	0
77	6.1	-6.1	0
78	6.7	-4.4	0
79	8.9	-1.1	0
80	14.4	1.1	0
81	13.9	1.1	0.53
82	5.6	-1.1	0.03
83	4.4	-5.6	0
84	2.8	-5	0.1
85	0	-11.1	0
86	2.2	-12.2	0
87	5	-6.1	0
88	3.9	-4.4	0.81
89	2.2	-8.3	0
90	2.8	-6.7	0
91	3.3	-3.9	0
92	1.7	-3.3	0.05
93	3.9	-2.2	0
94	4.4	-2.2	0
95	7.8	-7.2	0
96	10	-6.1	0
97	13.9	-3.3	0
98	12.8	1.7	0
99	8.9	0.6	0
100	9.4	0	0.25
101	14.4	0	0.13
102	13.3	1.7	0
103	14.4	1.1	0
104	14.4	0	0.71
105	4.4	-2.2	0.08
106	7.8	-1.7	0
107	13.9	0	0
108	15	2.8	0
109	18.9	-0.6	0
110	22.2	2.2	0
111	22.2	2.8	0
112	22.8	3.9	0
113	20	4.4	0
114	14.4	0.6	0
115	11.7	-4.4	0
116	6.1	-1.7	0.08
117	9.4	-5.6	0
118	8.3	0	0.84
119	8.3	-2.2	0.2
120	7.8	-2.8	0.05
121	11.1	-3.3	0
122	15	0	0
123	10.6	1.1	0.99
124	11.7	-2.2	0.05
125	16.7	4.4	0
126	16.7	1.7	0
127	15.6	-1.1	0
128	14.4	-4.4	0
129	12.8	-3.3	0
130	16.1	1.7	0
131	20.6	1.1	0
132	19.4	3.3	0
133	13.3	-4.4	0
134	14.4	0	0.03
135	16.1	1.7	0
136	20.6	0	0
137	25	4.4	0
138	28.9	5.6	0
139	28.3	11.1	0
140	23.3	6.7	0
141	20	0.6	0
142	25	5.6	0
143	25.6	7.2	0
144	20.6	8.3	0.43
145	19.4	7.8	0
146	21.1	6.1	0.03
147	24.4	5.6	0
148	26.7	7.2	0
149	27.8	8.9	0
150	26.1	8.9	0.1
151	23.3	7.2	0.05
152	21.7	9.4	0
153	17.8	6.1	1.04
154	20.6	7.8	0.05
155	23.9	8.9	0
156	23.3	10	0.28
157	16.1	5	0.1
158	13.3	1.7	0.89
159	15	2.2	0.43
160	17.8	3.3	0.03
161	17.2	7.2	0.99
162	15.6	4.4	0.56
163	14.4	6.1	0.03
164	19.4	5	0.1
165	12.2	8.3	1.63
166	17.8	8.3	1.6
167	18.9	8.3	0
168	18.9	7.8	0
169	18.3	7.2	0.28
170	21.7	5.6	0.33
171	21.7	10.6	0.18
172	17.8	7.2	0
173	15	3.3	1.17
174	21.1	2.2	0
175	26.1	5.6	0
176	27.8	10.6	0
177	27.8	10.6	0.18
178	21.7	6.7	0
179	24.4	7.2	0
180	27.8	8.3	0
181	27.2	10	0
182	27.2	11.1	0.18
183	26.7	11.1	0
184	26.7	11.1	0.28
185	24.4	10	0.03
186	25	8.9	0
187	27.8	10	0
188	26.1	7.8	0
189	25.6	9.4	0
190	22.8	5.6	0
191	25.6	8.3	0
192	28.3	11.1	0
193	30.6	11.1	0.23
194	24.4	11.7	0.76
195	20.6	5.6	0.05
196	26.7	7.2	0
197	28.9	10.6	0
198	30.6	12.2	0
199	32.2	13.3	0
200	31.1	15.6	0
201	27.8	12.8	0
202	29.4	10.6	0
203	31.1	13.9	0
204	33.3	14.4	0
205	30	19.4	0
206	31.1	11.7	0.15
207	28.9	11.1	1.32
208	24.4	15.6	0.15
209	25.6	10.6	0
210	23.3	11.1	0
211	25.6	8.9	0
212	26.7	10.6	0
213	28.9	10.6	0
214	31.1	11.7	0
215	31.1	12.8	0
216	30	12.2	0
217	30	13.9	0
218	28.9	12.2	0.38
219	23.9	6.1	0.03
220	19.4	3.9	0
221	21.7	6.1	0
222	26.1	6.1	0
223	29.4	9.4	0
224	32.2	10.6	0
225	30.6	10.6	0
226	28.3	10.6	0
227	25.6	6.7	0.03
228	17.8	3.9	0.03
229	21.7	5	0
230	25.6	6.7	0
231	28.3	10.6	0
232	29.4	11.1	0
233	33.3	12.8	0
234	33.3	13.3	0
235	30.6	13.3	0.61
236	23.3	11.1	0.25
237	25.6	8.9	0
238	28.3	8.3	0
239	30.6	10.6	0
240	31.1	13.9	0
241	28.9	12.2	0
242	27.8	15	0
243	27.8	10.6	0.33
244	27.2	7.2	0
245	30	10	0
246	30	10	0
247	29.4	10.6	0
248	29.4	11.1	0
249	27.8	11.1	0
250	26.1	12.2	0
251	20	3.9	0
252	25	2.2	0
253	27.8	6.7	0
254	27.8	11.7	0
255	26.7	9.4	0
256	26.7	7.2	0
257	26.7	12.8	0
258	25	8.9	0
259	26.7	10.6	0
260	27.8	10	0
261	27.8	10.6	0
262	28.3	10	0
263	28.3	10	0
264	19.4	1.1	0
265	26.1	2.2	0
266	29.4	11.7	0
267	29.4	7.8	0
268	28.9	11.7	0
269	28.3	6.7	0
270	26.1	7.8	0
271	24.4	3.9	0
272	23.9	8.9	0
273	20	2.8	0.58
274	8.9	-3.3	0
275	9.4	-5	0
276	13.3	-2.8	0
277	12.2	2.8	0.03
278	5	-1.1	0.1
279	4.4	-7.8	0
280	4.4	-3.9	0
281	8.3	-3.9	0
282	7.2	-1.7	0.03
283	4.4	-9.4	0
284	3.9	-9.4	0
285	7.8	-8.9	0
286	16.1	4.4	0
287	15	5	0.56
288	15	1.1	0.05
289	16.1	0.6	0
290	17.2	0.6	0
291	19.4	5	0
292	17.8	5.6	0.84
293	13.3	8.3	0.03
294	13.3	3.3	0
295	14.4	6.7	0.03
296	14.4	3.3	0
297	15	3.9	0.05
298	11.1	-2.8	0
299	8.9	0	0
300	7.8	-3.3	0.15
301	4.4	-1.7	0
302	3.9	-6.7	0
303	2.2	-3.3	0.36
304	6.1	-0.6	0.05
305	10.6	-1.1	0
305	8.3	-3.3	0
306	8.9	-3.3	0
307	15	-2.2	0
308	15.6	2.2	0
309	13.3	1.1	0
310	8.9	1.7	0
311	6.1	-5.6	0
312	8.9	-5	0
313	8.9	-1.1	0
314	9.4	-1.1	0
315	8.9	-0.6	0.08
316	0	-10.6	0
317	-0.6	-4.4	0.08
318	-3.3	-12.2	0
319	1.1	-8.9	0
320	8.3	-5.6	0
321	6.7	-2.8	0
322	3.3	-4.4	0
323	5.6	-3.9	0
324	3.3	-2.8	0
325	-2.2	-10	0.28
326	-2.8	-9.4	0
327	-2.8	-5.6	0
328	2.2	-9.4	0
329	5.6	-6.7	0
330	5.6	-2.8	0
331	5.6	-0.6	0
332	0	-12.8	0
333	2.2	-9.4	0
334	-0.6	-5.6	0
335	-2.2	-15.6	0
336	-6.7	-15.6	0
337	-5	-16.7	0
338	-6.1	-11.1	0
339	-10.6	-14.4	0
340	-13.9	-21.1	0
341	-12.8	-22.8	0
342	-15	-22.2	0
343	-12.2	-22.8	0
344	-6.7	-20.6	0
345	-6.7	-13.3	0.03
346	-2.2	-6.7	0
347	-3.3	-8.3	0
348	-1.7	-7.2	0
349	0.6	-2.8	0.86
350	1.1	-1.7	0.08
351	0	-4.4	0
352	-2.2	-5	0
353	1.1	-3.3	0
354	0.6	-2.2	0.05
355	1.1	-3.3	0.13
356	0	-7.8	0
357	-7.8	-20.6	0
358	-7.8	-16.1	0
359	-4.4	-19.4	0
360	-2.2	-15	0
361	-2.8	-13.3	0
362	-4.4	-11.1	0
363	-4.4	-11.7	0.13
364	-7.8	-9.4	0.1
365	-2.8	-7.8	0.41
