#weather for site US Sheep Experiment Station year = 1949
#DOY Tmax(C) Tmin(C) PPT(cm)
1	-3.3	-8.9	0.76
1	-3.3	-12.8	0
2	-12.2	-17.8	0
3	-13.9	-22.2	0
4	-13.3	-23.3	0
5	-8.3	-15	0
6	-7.2	-10.6	0.08
7	-7.8	-13.9	0.1
8	-13.3	-23.9	0
9	-17.8	-23.3	0
10	-5.6	-20.6	0
11	0	-12.2	0
12	1.7	-11.1	0
13	-0.6	-7.8	0.33
14	-5.6	-12.2	0.51
15	-6.1	-16.1	0
16	-12.2	-18.9	0
17	-11.7	-23.3	0.1
18	-10.6	-19.4	0
19	-10.6	-22.2	0
20	-10	-20.6	0
21	-10	-18.9	0
22	-11.7	-22.2	0
23	-17.8	-26.1	0
24	-12.8	-26.1	0
25	-11.1	-21.7	0
26	-12.8	-17.8	0.28
27	-9.4	-17.8	0
28	-11.7	-25.6	0
29	-9.4	-18.3	0.13
30	-11.1	-21.7	0
31	-11.1	-20	0.1
32	-11.7	-20	0.18
33	-9.4	-15	0.2
34	-8.3	-17.8	0.51
35	-8.3	-21.7	0.3
36	-11.7	-24.4	0.1
37	-10	-15.6	0.33
38	-12.8	-22.8	0
39	-7.8	-15.6	0
40	-1.7	-10	0.25
41	-0.6	-7.2	0.43
42	-6.1	-20	0
43	-15.6	-26.1	0
44	-12.8	-20.6	0.1
45	-2.2	-19.4	0
46	-2.8	-12.8	0
47	0	-4.4	0
48	1.1	-4.4	0
49	2.2	-4.4	0
50	2.8	-9.4	0
51	-1.7	-9.4	0
52	2.2	-6.7	0
53	2.2	-2.8	0.08
54	1.7	-7.2	0
55	1.7	-8.9	0
56	6.1	-9.4	0
57	3.3	-10	0
58	5.6	-10	0
59	5.6	-10	0
60	3.9	-6.1	0
61	3.9	-1.7	0
62	5	-4.4	0
63	8.3	-6.1	0
64	4.4	-5.6	0
65	5	-4.4	0
66	3.9	-4.4	0
67	1.7	-7.2	0
68	3.3	-6.7	0
69	4.4	-6.7	0
70	4.4	-1.1	0.13
71	3.3	-5.6	0.05
72	2.8	-4.4	0
73	6.1	-3.3	0
74	5	1.1	0
75	3.9	-5	0.13
76	6.7	-0.6	0
77	13.3	0.6	0
78	11.1	0.6	0.13
79	3.3	-3.3	0
80	5.6	-1.1	0.05
81	5	-0.6	0.08
82	4.4	-2.2	0
83	4.4	-7.2	0
84	2.8	-6.1	0
85	5.6	-6.1	0
86	1.1	-10.6	0
87	4.4	-7.2	0
88	6.1	-10.6	0
89	6.7	-3.9	0
90	8.3	-4.4	0
91	10	-7.2	0
92	11.1	-1.7	0
93	15.6	-2.2	0
94	16.1	-1.1	0
95	16.1	-1.7	0
96	16.7	0	0
97	13.9	1.7	0
98	13.9	-2.8	0
99	18.3	-1.1	0
100	20.6	1.1	0
101	18.3	1.7	0
102	9.4	0	0
103	11.1	-0.6	0
104	16.1	-2.8	0
105	19.4	0.6	0
106	21.1	2.2	0
107	22.2	3.3	0
108	21.1	5	0
109	18.3	2.2	0
110	16.7	-2.8	0
111	18.9	2.2	0
112	23.9	5	0
113	21.7	3.9	0
114	18.3	6.1	0
115	20	1.7	0
116	22.8	1.1	0
117	22.2	6.1	0
118	20.6	3.3	0.53
119	10.6	-0.6	0.41
120	15	-1.7	0.05
121	20.6	4.4	0
122	19.4	3.3	0
123	12.2	1.1	0
124	12.8	2.2	0
125	18.3	1.7	0
126	21.7	2.2	0
127	22.2	2.2	0
128	23.3	3.3	0
129	24.4	6.7	0
130	25.6	8.9	0
131	25.6	6.1	0
132	25	7.2	0.03
133	24.4	7.8	0.03
134	25	7.8	0.18
135	16.7	6.1	0.66
136	13.9	7.2	0.66
137	9.4	2.2	0.13
138	13.9	7.2	0.43
139	13.9	4.4	0.23
140	12.8	3.9	2.97
141	14.4	3.9	1.52
142	17.2	3.9	0.05
143	20.6	4.4	0
144	22.8	5	0
145	26.1	6.1	0
146	25.6	8.3	0.08
147	25	7.2	0.03
148	23.3	8.9	0.2
149	20.6	5	0.25
150	16.7	5.6	0.05
151	15	4.4	0.53
152	10.6	1.7	0.03
153	18.3	5.6	0.03
154	23.9	5.6	0
155	25	8.3	0
156	24.4	12.2	0
157	24.4	5	0
158	22.8	5.6	0
159	26.7	7.8	0
160	28.9	10.6	0
161	28.9	10.6	0.38
162	23.3	8.3	1.09
163	23.3	5	0
164	23.9	7.8	0
165	27.8	7.2	0
166	26.7	7.8	0
167	21.7	1.1	0
168	26.1	4.4	2.21
169	20	9.4	0.05
170	20	3.9	0
171	26.7	6.7	0
172	26.7	7.8	0
173	22.2	8.3	0.05
174	25.6	7.8	0
175	25.6	6.7	0
176	24.4	7.8	0.05
177	20.6	-0.6	0
178	26.1	7.2	0
179	23.9	7.8	0
180	22.8	0.6	0
181	30	6.7	0
182	31.1	10	0
183	29.4	15.6	0
184	26.7	12.2	0.61
185	25	11.7	0.76
186	28.9	10.6	0
187	31.1	10	0
188	31.1	14.4	0
189	29.4	13.3	0.61
190	28.9	10	0
191	29.4	9.4	0
192	28.9	15	0
193	31.7	13.9	0
194	31.1	15	0
195	33.9	15	0
196	32.8	12.2	0
197	30	9.4	0
198	29.4	10	0
199	27.8	12.2	0
200	25.6	9.4	0
201	25.6	3.9	0
202	31.7	8.9	0
203	32.2	12.8	0
204	31.1	13.3	0
205	27.8	8.3	0
206	28.9	12.2	0
207	28.3	8.9	0
208	26.7	7.8	0
209	30	11.7	0
210	33.3	14.4	0
211	34.4	16.7	0
212	35.6	17.8	0
213	32.8	20	0
214	33.9	15	0
215	32.8	17.2	0
216	33.9	14.4	0.03
217	34.4	17.2	0
218	33.3	15.6	0
219	28.3	14.4	0
220	27.2	9.4	0
221	27.2	10.6	0.03
222	29.4	9.4	0
223	28.3	11.1	0
224	28.3	10	0
225	29.4	11.1	0
226	30.6	11.1	0
227	31.1	10.6	0
228	30	11.7	0
229	29.4	11.7	0
230	28.9	13.3	0
231	31.1	11.1	0
232	32.2	11.1	0
233	31.1	13.9	0
234	27.2	12.2	0.86
235	24.4	8.3	0
236	27.2	8.9	0
237	27.2	10	0
238	29.4	11.7	0
239	28.3	13.3	0
240	27.2	14.4	0
241	29.4	11.7	0
242	27.2	11.1	0
243	30	10.6	0
244	28.3	14.4	0
245	23.9	8.9	0
246	17.8	8.9	0
247	23.9	9.4	0
248	26.1	8.9	0
249	26.7	8.3	0
250	28.9	8.9	0
251	27.8	9.4	0
252	26.7	9.4	0
253	18.3	3.9	0.56
254	14.4	-0.6	0.13
255	21.1	0	0
256	22.2	2.8	0
257	25.6	8.9	0
258	23.3	8.3	0
259	15.6	-1.1	0
260	20.6	0	0
261	26.7	5.6	0
262	25.6	5	0
263	23.9	4.4	0
264	27.8	8.3	0
265	28.3	8.9	0
266	27.2	8.9	0
267	27.2	8.9	0
268	25	2.2	0
269	27.8	6.7	0
270	26.1	9.4	-999.9
271	17.8	7.8	-999.9
272	16.7	7.2	0.46
273	9.4	4.4	0.58
274	15	3.3	0
275	15	3.3	0
276	21.7	2.2	0
277	19.4	5.6	0
278	6.7	-5.6	0
279	8.9	-3.3	0
280	5	-1.7	0.99
281	5.6	-2.2	0
282	7.2	-3.9	0.25
283	10.6	-3.3	0
284	15.6	2.2	0
285	10	-0.6	0
286	12.8	-3.3	0
287	15.6	-0.6	0
288	14.4	-0.6	0
289	8.3	-4.4	0.13
290	6.7	-6.7	1.07
291	-2.2	-9.4	0
292	-1.7	-5.6	0
293	-2.2	-4.4	0
294	2.2	-2.2	0
295	10.6	-3.3	0
296	8.3	-2.8	0
297	11.7	0.6	0
298	11.7	-0.6	0
299	12.2	0	0
300	10.6	-0.6	0
301	9.4	1.1	0
302	7.2	-5	0
303	10	-3.3	0
304	12.8	-2.8	0
305	14.4	-2.8	0
306	15	0.6	0
307	16.7	-1.1	0
308	16.1	2.8	0
309	16.1	1.7	0
310	15	-1.1	0
311	11.1	2.8	0.15
312	5.6	1.1	0.43
313	2.8	-0.6	1.4
314	0	-9.4	0
315	1.7	-1.7	0
316	3.9	-2.8	0
317	3.3	-3.9	0
318	3.9	-4.4	0
319	7.2	-2.2	0
320	11.1	-2.8	0
321	10	-1.1	0
322	8.9	-2.2	0
323	11.7	-2.8	0
324	12.2	-3.9	0
325	7.8	-2.2	0
326	3.3	-1.1	0
327	6.7	-1.7	0
328	10	1.7	0
329	5	-1.1	0
330	11.7	-2.8	0
331	8.3	-1.1	0
332	1.7	-9.4	0
333	7.8	-3.3	0
334	3.9	-5	0
335	3.9	-3.3	0
336	1.7	-8.3	0
337	2.8	-10	0
338	6.7	-5.6	0
339	1.1	-10.6	0
340	1.7	-7.8	0
341	5.6	-4.4	0
342	1.1	-6.7	0
343	-1.1	-8.9	0
344	-7.8	-15	0
345	-9.4	-17.2	0.03
346	-7.2	-15.6	0.03
347	-6.1	-10.6	0
348	-3.9	-13.9	0
349	-5	-7.8	0.53
350	-3.9	-11.7	0.53
351	-1.7	-5.6	0
352	-1.7	-8.9	0
353	-7.8	-21.1	0
354	-12.8	-20	0.08
355	-9.4	-18.3	0.08
356	-3.3	-17.8	0
357	-2.2	-9.4	0
358	-6.7	-22.2	0.18
359	-10	-13.3	0.36
360	-4.4	-13.9	0
361	-2.2	-10	0
362	-0.6	-6.7	0
363	-2.2	-10	0
364	-1.1	-10	0
365	-1.7	-10.6	0
