#weather for site US Sheep Experiment Station year = 1992
#DOY Tmax(C) Tmin(C) PPT(cm)
1	-3.9	-10.6	0.05
2	5.6	-12.8	0
3	-2.2	-8.3	0
4	1.1	-5.6	0.08
5	4.4	-2.2	0
6	2.8	-4.4	0
7	-3.9	-7.2	0
8	-3.3	-8.9	0
9	1.1	-11.7	0
10	-2.2	-11.7	0
11	-4.4	-15	0
12	-7.2	-10	0.08
13	-5.6	-13.9	0
14	-4.4	-17.2	0
15	-2.2	-8.9	0
16	-1.1	-12.8	0
17	-2.8	-15.6	0
18	1.1	-15.6	0
19	2.8	-13.3	0
20	-2.8	-15	0
21	-4.4	-18.3	0
22	-1.7	-12.2	0
23	0.6	-8.9	0
24	5.6	-6.7	0
25	2.2	-7.8	0
26	0.6	-10	0
27	5	-6.1	0
28	3.3	-3.3	0
29	6.1	-6.7	0
30	7.8	-7.2	0
31	8.3	-5.6	0
32	2.8	-7.2	0
33	3.3	-8.3	0
34	6.1	-8.9	0
35	4.4	-12.2	0
36	4.4	-13.3	0
37	6.1	-9.4	0
38	5	-7.8	0
39	3.3	-5.6	0
40	4.4	-2.8	0.05
41	4.4	-0.6	0.28
42	3.9	-0.6	0.23
43	3.3	-0.6	0.91
44	3.9	-2.8	0
45	3.3	-2.2	0.28
46	1.1	-2.2	0.89
47	0.6	-7.8	0
48	1.1	-9.4	0.1
49	2.8	-5.6	0
50	6.1	0.6	0.25
51	3.3	-1.1	0.18
52	7.8	-2.2	0.08
53	6.7	-6.7	0
54	3.9	-6.7	0
55	6.1	-7.2	0
56	7.2	-6.1	0
57	8.3	-4.4	0
58	9.4	-4.4	0
59	9.4	-1.7	0
60	12.8	-1.1	0
61	10.6	0	0
62	13.3	-1.1	0
63	11.7	-0.6	0
64	9.4	0.6	0.05
65	9.4	1.1	0.28
66	7.2	0.6	0.36
67	7.2	0	0
68	7.8	-3.3	0
69	10.6	-6.7	0
70	13.3	-1.7	0
71	14.4	-3.3	0
72	15	-2.2	0
73	15	-1.1	0
74	16.1	0	0
75	11.1	-1.1	0
76	8.3	0	0.61
77	8.9	0	0.1
78	9.4	-2.8	0
79	12.2	-4.4	0
80	11.7	-4.4	0
81	11.1	-6.1	0
82	11.1	-3.3	0
83	11.1	-2.2	0
84	13.3	-3.3	0
85	14.4	-3.3	0
86	12.8	3.3	0.03
87	12.2	-1.7	0
88	15	-2.2	0
89	16.7	0.6	0
90	15.6	2.2	0
91	18.3	-0.6	0
92	19.4	2.2	0
93	21.1	1.1	0
94	19.4	3.9	0
95	15.6	0.6	0
96	NA	NA	NA
97	8.9	-7.8	0
98	11.1	-7.8	0
99	13.3	1.1	0
100	16.7	1.7	0
101	14.4	2.8	0
102	15.6	-1.1	0
103	18.9	4.4	0
104	20	3.9	0
105	19.4	3.9	0
106	18.9	5.6	0
107	18.9	2.8	0
108	15.6	4.4	0
109	12.8	-1.1	0
110	12.8	-1.7	0
111	16.1	-3.9	0
112	15	-1.1	0
113	12.8	0.6	0.13
114	8.9	-5	0.25
115	13.3	-3.9	0
116	19.4	0.6	0
117	24.4	2.8	0
118	25.6	7.2	0
119	23.9	5	0
120	26.7	6.1	0
121	26.1	9.4	0
122	17.2	5	0
123	20	-1.1	0
124	22.8	4.4	0
125	25.6	5.6	0
126	26.7	7.8	0
127	28.3	7.2	0
128	28.3	7.8	0
129	25	10.6	0.08
130	19.4	-0.6	0
131	20	-1.7	0
132	20	1.1	0
133	17.8	-0.6	0
134	21.1	6.7	0
135	24.4	3.9	0
136	22.2	6.1	0.18
137	18.9	3.3	0
138	26.1	2.8	0
139	27.8	8.3	0
140	27.2	7.2	0
141	25.6	6.1	0
142	21.1	5.6	0
143	19.4	5.6	0
144	25.6	6.7	0
145	29.4	12.2	0
146	27.8	9.4	0
147	25.6	10	0
148	21.7	7.2	0.13
149	22.8	3.9	0
150	21.1	6.7	0
151	20	6.1	0.03
152	23.3	3.9	0
153	24.4	6.1	0
154	26.1	7.2	0
155	23.9	5.6	0.56
156	23.9	6.1	0
157	22.2	5	0
158	22.8	5.6	0
159	25	6.7	0
160	27.2	11.1	0
161	27.8	8.9	0
162	29.4	9.4	0
163	27.2	11.7	0
164	29.4	11.7	0
165	27.2	3.3	0.53
166	18.9	3.9	0.28
167	15.6	4.4	1.32
168	10	5	2.59
169	17.8	4.4	0.18
170	24.4	7.2	0
171	25.6	11.1	0
172	27.2	10	0
173	29.4	11.1	0
174	30.6	12.8	0
175	31.1	15.6	0
176	31.7	15.6	0
177	22.2	13.3	0.15
178	25.6	10	0
179	24.4	9.4	0.18
180	28.3	9.4	0
181	26.7	12.8	0
182	20.6	8.3	0.38
183	18.3	3.9	0.15
184	18.9	5.6	0.03
185	25	7.2	0.03
186	27.8	8.3	0
187	28.9	9.4	0
188	26.7	12.2	0
189	25.6	7.2	0
190	23.9	6.7	0
191	22.8	6.1	0
192	24.4	9.4	0
193	23.3	10	0.66
194	18.9	9.4	0.38
195	25.6	7.2	0
196	30.6	8.3	0
197	30	10.6	0
198	27.2	11.1	0
199	29.4	10.6	0
200	31.1	12.2	0
201	29.4	12.2	0.13
202	28.3	11.1	0
203	27.2	8.3	0.97
204	28.3	8.9	0
205	27.8	10	0.03
206	26.1	7.2	0
207	27.2	8.3	0
208	29.4	10	0
209	31.1	11.1	0
210	31.1	11.7	0
211	30	11.7	0
212	30.6	11.1	0
213	32.8	11.7	0
214	33.9	13.3	0
215	35.6	13.3	0
216	31.7	18.9	0.05
217	32.2	10.6	0
218	32.2	8.9	0
219	31.7	12.8	0
220	31.7	10.6	0
221	31.1	10.6	0
222	31.1	11.1	0
223	33.3	13.9	0
224	32.8	14.4	0
225	33.3	13.3	0
226	35.6	14.4	0
227	35	17.8	0
228	33.3	15	0
229	28.9	13.9	0
230	28.9	12.2	0.97
231	30.6	10.6	0
232	32.8	11.1	0
233	29.4	11.7	0.08
234	31.1	12.2	0
235	28.9	13.3	0
236	23.3	1.7	0
237	17.8	1.7	0
238	18.3	1.7	0
239	21.1	1.1	0
240	26.7	2.2	0
241	29.4	7.8	0
242	29.4	7.2	0
243	28.9	7.2	0
244	27.2	10	0.41
245	22.2	8.3	0.03
246	26.1	5	0
247	27.2	7.2	0
248	17.8	9.4	1.47
249	17.2	2.8	0.28
250	17.2	5	0.03
251	13.9	-1.1	0
252	22.2	4.4	0
253	21.7	2.8	0
254	24.4	3.9	0
255	23.9	9.4	0
256	23.3	7.8	0.1
257	17.8	-1.7	0
258	15.6	-2.2	0
259	23.3	2.8	0
260	25	3.9	0
261	24.4	3.3	0
262	23.9	3.3	0
263	21.7	3.3	0
264	20	3.3	0
265	23.3	6.7	0
266	26.7	6.7	0
267	26.1	6.7	0
268	23.9	10	0
269	15	-0.6	0
270	20	-3.3	0
271	21.7	-1.7	0
272	22.8	1.7	0
273	26.1	5	0
274	27.8	7.2	0
275	28.3	7.8	0
276	27.8	10	0
277	25	5.6	0.2
278	14.4	1.7	0
279	15.6	4.4	0
280	15.6	1.7	0
281	11.1	-5.6	0
282	10.6	-1.7	0
283	16.1	1.1	0
284	16.1	-1.1	0
285	17.8	1.1	0
286	21.1	2.8	0
287	20.6	3.9	0
288	16.1	-1.1	0
289	12.8	-5	0
290	11.7	-2.8	0
291	13.9	0.6	0
292	15.6	0.6	0
293	18.3	0	0
294	20.6	2.2	0
295	21.1	4.4	0
296	19.4	2.2	0
297	18.3	0	0
298	20.6	2.2	0
299	20.6	2.2	0
299	18.3	2.2	0
300	16.1	0.6	0
301	15.6	0.6	0
302	12.8	4.4	1.88
303	7.2	2.2	0.25
304	6.1	-2.2	0.05
305	4.4	-2.2	0
306	6.1	-3.3	0.23
307	5.6	-5.6	0
308	0	-10.6	0
309	6.1	-6.7	0.08
310	1.7	-3.3	0
311	6.1	-1.1	0
312	1.7	-2.2	0.25
313	0	-3.9	1.02
314	-1.7	-12.8	0
315	-3.9	-9.4	0
316	0	-9.4	0
317	-1.1	-5	0
318	7.2	-3.3	0
319	8.3	-3.3	0
320	9.4	-1.7	0
321	5	-1.7	0
322	3.3	-2.8	0.23
323	0	-2.2	0
324	0.6	-3.9	0.23
325	-1.1	-12.2	0
326	0	-3.9	0.66
327	-1.1	-11.1	0
328	-2.8	-15.6	0
329	-4.4	-18.3	0
330	-5.6	-17.2	0
331	-2.2	-17.8	0
332	-3.9	-12.2	0.15
333	-6.1	-17.8	0
334	-6.1	-13.9	0.2
335	-5	-12.8	0
336	-2.2	-12.2	0.36
337	-3.9	-13.3	0.03
338	-6.7	-20.6	0
339	-7.8	-18.9	0
340	-6.7	-17.8	0
341	-3.3	-12.2	0
342	-1.7	-5	0.89
343	1.7	-4.4	0
344	1.7	-11.7	0.03
345	0	-5.6	0.05
346	-1.1	-7.8	0
347	-3.3	-16.1	0
348	-8.3	-12.2	0
349	-3.3	-15.6	0.05
350	-9.4	-22.2	0
351	-6.7	-12.2	0.33
352	-7.2	-20	0.05
353	-11.1	-21.7	0
354	-8.3	-16.1	0.15
355	-5	-15	0.05
356	-6.1	-9.4	0
357	-4.4	-7.8	0
358	-2.2	-8.9	0.08
359	-5.6	-10	0.03
360	-4.4	-11.1	0
361	-0.6	-8.3	0
362	0	-10	0.03
363	1.1	-2.8	0.38
364	-1.7	-11.1	0.41
365	-5.6	-14.4	0
366	0	-8.9	0.94
