#weather for site US Sheep Experiment Station year = 1988
#DOY Tmax(C) Tmin(C) PPT(cm)
1	-7.2	-18.3	0.1
2	-9.4	-20.6	0
3	-3.9	-17.8	0
4	-1.1	-9.4	0.03
5	-1.1	-9.4	0
6	-3.9	-11.1	0.18
7	-3.9	-13.9	0
8	0	-7.2	0
9	1.7	-3.9	0.05
10	1.1	-4.4	0.25
11	-2.8	-16.7	0
12	-2.2	-13.3	0
13	-2.2	-8.3	0.15
14	0	-3.3	0.51
15	-1.1	-13.9	0
16	-3.3	-12.2	0.53
17	-5.6	-15.6	0
18	-6.7	-26.1	0
19	-8.9	-22.2	0
20	-8.3	-20	0.03
21	-6.7	-19.4	0.03
22	-5	-15	0
23	-6.7	-17.8	0
24	-3.3	-18.9	0
25	1.1	-16.7	0
26	3.3	-7.8	0
27	4.4	-4.4	0
28	1.1	-5	0.05
29	2.2	-1.1	0.2
30	-4.4	-11.7	0
31	-5	-14.4	0.03
32	-6.1	-17.2	0.03
33	-6.7	-18.3	0.03
34	-3.9	-15.6	0
35	-2.8	-16.1	0
36	-2.2	-14.4	0
37	-1.1	-12.2	0
38	-0.6	-8.9	0
39	2.8	-5	0
40	3.9	-8.3	0
41	0.6	-6.7	0
42	3.9	-2.2	0
43	5	-6.7	0
44	1.1	-12.8	0
45	3.9	-4.4	0.08
46	1.7	-10	0
47	-3.3	-12.2	0
48	2.2	-11.1	0.03
49	-1.7	-8.3	0
50	0.6	-9.4	0
51	1.1	-8.3	0
52	3.3	-8.3	0
53	3.9	-12.2	0
54	7.2	-12.2	0
55	6.1	-7.2	0
56	7.2	-7.8	0
57	8.9	-7.2	0
58	7.8	-5	0
59	7.8	0	0
60	8.3	-1.1	0
61	9.4	-1.7	0
62	8.3	-2.2	0.05
63	5.6	-6.7	0
64	4.4	-3.9	0
65	3.9	-2.2	0.13
66	5.6	-6.1	0
67	5.6	-8.3	0
68	1.7	-5	0.13
69	1.7	-3.9	0
70	0	-6.7	0
71	0	-11.1	0
72	0.6	-11.1	0
73	-1.1	-9.4	0.25
74	2.8	-6.1	0.05
75	0.6	-9.4	0
76	7.2	-8.9	0
77	6.1	-6.7	0
78	10	-3.9	0
79	13.9	-1.1	0
80	12.2	0.6	0
81	9.4	-1.7	0
82	9.4	1.7	0.05
83	5.6	-6.1	0
84	13.9	-4.4	0
85	17.2	0	0
86	4.4	-1.1	0
87	3.9	-8.9	0
88	3.9	-8.3	0.51
89	3.3	-9.4	0.05
90	8.3	-7.2	0
91	12.2	-5	0
92	15.6	-1.7	0
93	15	1.7	0.05
94	NA	NA	NA
95	8.9	-1.7	0
96	11.1	-7.8	0
97	20	0	0
98	18.9	2.8	0
99	13.9	-2.8	0.1
100	7.8	-7.2	0
101	14.4	-7.2	0
102	20.6	0	0
103	24.4	3.3	0
104	23.9	5	0
105	22.8	5.6	0
106	21.1	3.9	0
107	25	5.6	0
108	24.4	9.4	0
109	23.9	5	0
110	14.4	3.9	0.64
111	9.4	5.6	2.44
112	11.7	3.3	0.48
113	6.7	2.2	0.91
114	9.4	2.2	0.79
115	11.1	1.1	0
116	8.9	-1.7	0.33
117	11.1	-5.6	0
118	16.1	-1.7	0
119	20.6	2.8	0
120	17.8	4.4	0
121	17.2	4.4	0
122	8.3	-0.6	0
123	9.4	-3.3	0
124	11.7	-3.3	0
125	17.2	1.7	0
126	19.4	3.9	0
127	16.7	0.6	0.08
128	6.1	0	0.38
129	12.2	3.9	0
130	15.6	6.7	0
131	20.6	1.1	0
132	24.4	4.4	0
133	27.2	6.7	0
134	26.7	4.4	0
135	18.9	3.3	0
136	24.4	0.6	0
137	28.9	4.4	0
138	26.7	8.3	0
139	16.7	5	0
140	16.1	2.8	0
141	21.1	-0.6	0
142	23.9	2.8	0
143	26.7	5.6	0
144	27.8	8.3	0
145	28.9	12.8	0
146	27.8	8.3	0
147	26.7	7.8	0
148	23.9	7.8	0
149	22.2	4.4	0
150	22.2	4.4	0
151	10	2.2	0.41
152	9.4	1.1	0.38
153	14.4	5	0.1
154	20	3.9	0
155	29.4	7.2	0
156	31.7	9.4	0
157	30	8.9	0
158	28.9	3.9	0
159	26.1	5.6	0
160	22.8	5.6	0
161	28.9	2.8	0
162	28.3	8.9	0
163	27.8	9.4	0
164	22.8	9.4	0
165	22.2	6.1	0
166	26.1	5.6	0
167	30	7.2	0
168	31.7	11.1	0
169	29.4	13.3	0
170	31.7	8.3	0
171	33.9	10.6	0
172	35.6	15	0.3
173	33.3	11.7	0.41
174	33.3	14.4	0.08
175	35	13.9	0
176	36.1	14.4	0
177	36.7	17.2	0.33
178	27.8	14.4	0.36
179	31.1	10.6	0
180	31.1	12.8	0
181	27.8	10	0
182	25	2.8	0
183	29.4	5.6	0
184	33.9	10	0
185	32.2	11.7	0
186	31.7	12.2	0.25
187	28.9	13.9	0.18
188	27.8	11.1	0
189	27.2	3.9	0
190	31.1	9.4	0
191	31.7	13.9	0
192	33.3	14.4	0
193	32.8	16.1	0
194	27.8	14.4	0
195	32.2	9.4	0
196	32.2	13.3	0
197	32.2	12.8	0
198	33.3	13.3	0
199	31.7	14.4	0
200	29.4	11.7	0
201	27.8	8.3	0
202	32.2	10	0
203	35	11.7	0
204	36.1	14.4	0
205	34.4	15	0
206	33.9	15	0
207	35	15	0
208	34.4	16.7	0
209	32.2	16.1	0.23
210	32.2	12.2	0
211	33.3	16.1	0
212	35	12.8	0
213	35.6	15	0
214	32.2	13.3	0
215	30.6	10	0
216	28.9	12.2	0
217	28.9	7.8	0
218	31.1	10	0
219	30	13.3	0
220	29.4	11.1	0
221	26.7	10	0
222	30.6	8.9	0
223	31.7	9.4	0
224	33.3	11.7	0
225	24.4	11.7	0.53
226	28.9	7.8	0
227	29.4	8.3	0
228	30.6	10	0
229	29.4	6.1	0
230	31.1	8.3	0
231	32.2	11.7	0
232	31.7	10.6	0
233	32.2	11.1	0
234	31.1	9.4	0
235	28.3	5.6	0
236	31.7	8.9	0
237	33.9	11.1	0
238	35.6	13.3	0
239	33.9	16.1	0
240	28.9	10	0
241	30.6	11.1	0
242	30.6	8.9	0
243	32.2	8.9	0
244	30.6	12.8	0
245	31.7	12.8	0
246	33.3	13.9	0
247	32.2	14.4	0
248	31.1	12.8	0
249	30.6	10.6	0
250	31.7	10.6	0
251	30.6	7.8	0
252	30	7.8	0
253	30.6	7.2	0
254	30	10.6	0
255	18.9	2.8	0
256	15.6	1.1	0
257	16.1	6.1	0.2
258	18.3	4.4	0
259	22.2	3.3	0
260	22.8	7.8	0
261	20	-1.7	0
262	14.4	0.6	0
263	14.4	0.6	0
264	15	4.4	0.58
265	19.4	3.3	0
266	18.9	2.8	0
267	20.6	2.2	0
268	23.3	5.6	0
269	23.9	7.8	0
270	24.4	3.9	0
271	22.8	5.6	0.23
272	16.1	0	0
273	22.8	1.1	0
274	26.1	7.2	0
275	26.1	7.2	0
276	26.7	9.4	0
277	26.7	9.4	0
278	26.1	7.8	0
279	25	8.3	0
280	25.6	6.7	0
281	24.4	5.6	0
282	25.6	3.9	0
283	25	11.1	0
284	22.8	5.6	0
285	23.3	3.3	0
286	21.7	4.4	0
287	20	6.1	0
288	20	4.4	0
289	19.4	2.8	0
290	20	7.8	0
291	21.7	7.8	0
292	15.6	0	0
293	18.3	5.6	0
294	16.1	0.6	0
295	18.3	0	0
296	20	0	0
297	18.3	-0.6	0
298	17.2	-0.6	0
299	18.3	2.2	0
300	18.3	2.2	0
301	17.8	-1.7	0
302	12.8	1.1	0
303	16.7	0	0
304	16.1	0	0
304	16.1	-0.6	0
305	15.6	2.8	0
306	13.3	3.3	0
307	11.1	-0.6	0
308	10.6	-3.3	0
309	8.9	-5	0
310	10.6	1.1	0
311	8.9	-8.3	0
312	1.7	-2.8	0.38
313	3.3	-8.3	0
314	1.1	-3.3	0.23
315	3.9	-3.3	0
316	0.6	-6.1	0.41
317	3.3	-5.6	0.51
318	2.2	-1.1	0.2
319	-1.1	-11.7	0.1
320	-1.7	-8.3	0
321	0	-3.3	0.99
322	2.8	-5.6	0
323	-3.9	-11.7	0
324	-2.2	-6.7	0
325	-2.2	-6.1	0
326	1.1	-3.9	0.61
327	2.2	0.6	0.94
328	2.2	-11.1	0.69
329	-3.3	-10.6	0.13
330	-3.9	-14.4	0.33
331	-6.7	-12.8	0.03
332	-0.6	-9.4	0.97
333	-5.6	-13.9	0
334	-3.9	-12.2	0
335	-3.3	-11.1	0
336	3.9	-10.6	0
337	4.4	-8.9	0
338	4.4	-8.3	0
339	1.7	-9.4	0
340	0	-10.6	0
341	1.1	-9.4	0
342	-0.6	-18.9	0
343	-3.3	-11.1	0.15
344	-2.8	-7.2	0
345	-2.2	-5	0
346	-0.6	-5	0
347	1.1	-6.7	0
348	-3.3	-10	0
349	-6.7	-14.4	0
350	-1.1	-14.4	0
351	1.1	-10	0
352	3.3	-12.2	0
353	-5	-11.7	0
354	-3.9	-14.4	0.08
355	-0.6	-6.7	1.55
356	-5.6	-12.2	0.08
357	-5	-10.6	0.1
358	-6.1	-16.7	0.03
359	-5.6	-13.3	0.2
360	-9.4	-18.9	0
361	-12.2	-23.9	0.03
362	-9.4	-18.9	0
363	-12.2	-20	0.18
364	-6.1	-16.1	0.15
365	-2.2	-8.9	0.53
366	-5.6	-14.4	0.28
