#weather for site US Sheep Experiment Station year = 1941
#DOY Tmax(C) Tmin(C) PPT(cm)
1	-9.4	-18.9	0
2	-10	-19.4	0
3	-7.8	-16.7	0.3
4	-5.6	-11.7	0.3
5	-5.6	-11.1	0.2
6	-1.1	-6.1	0.81
7	1.7	-2.8	0
8	0.6	-7.8	0
9	1.7	-7.2	0
10	0.6	-11.1	0
11	-0.6	-10	0
12	-1.7	-13.3	0
13	-0.6	-2.2	0.41
14	-1.1	-5.6	0.3
15	-5	-13.3	0.1
16	-6.1	-7.8	0.1
17	-0.6	-6.7	0
18	1.1	-7.2	0
19	2.2	-5	0
20	0.6	-5	0.51
21	-0.6	-3.9	0.2
22	-2.8	-5	0
23	-0.6	-3.9	0.41
24	-0.6	-5.6	0.08
25	1.7	-4.4	0.03
26	-0.6	-12.8	0
27	1.7	-11.7	0
28	3.3	-8.3	0
29	3.9	-12.8	0
30	1.1	-12.8	0
31	3.9	-11.7	0
32	-2.2	-13.9	0
33	-1.1	-12.8	0
34	1.7	-11.1	0
35	4.4	-12.2	0
36	1.7	-11.7	0
37	4.4	-10.6	0
38	-2.2	-12.8	0
39	-0.6	-3.9	0.18
40	0	-6.1	0
41	2.2	-2.2	0.13
42	2.8	-2.2	0.08
43	-1.1	-12.8	0
44	1.1	-7.8	0
45	2.8	-13.9	0
46	-2.2	-11.7	0
47	0.6	-10.6	0
48	2.2	-10.6	0
49	1.7	-3.3	0
50	5	-3.9	0
51	5.6	-4.4	0
52	2.8	0	0.1
53	5.6	-1.1	0
54	1.7	-0.6	0.33
55	0.6	-10.6	0
56	-1.7	-12.2	0
57	1.1	-10	0
58	3.3	-5.6	0
59	4.4	1.1	0.71
60	4.4	-1.7	0
61	2.8	-1.7	0.08
62	2.2	-5	0
63	3.9	-3.3	0
64	3.3	-3.3	0
65	2.2	-7.8	0
66	2.8	-6.1	0
67	2.2	-7.8	0.05
68	1.1	-12.2	0
69	0	-8.9	0
70	-3.9	-13.9	0
71	-1.7	-12.2	0
72	2.2	-11.7	0
73	1.7	-10.6	0
74	5	-5	0
75	6.1	-3.9	0
76	7.8	-1.7	0
77	6.1	-2.2	0
78	5	0.6	0.1
79	7.8	-1.7	0
80	7.2	-4.4	0
81	7.8	-1.7	0.2
82	5.6	-2.2	0
83	11.1	-0.6	0
84	10	-3.3	0
85	10	1.1	0
86	11.1	-0.6	0
87	12.8	0	0
88	9.4	1.7	0.18
89	13.9	-0.6	0
90	14.4	1.7	0.03
91	7.2	1.1	0.89
92	8.9	1.7	0.66
93	9.4	-2.2	0
94	6.1	0	1.75
95	8.3	0	0
96	9.4	-3.3	0
97	11.7	-2.2	0
98	12.2	-2.8	0
99	7.8	0.6	0.33
100	8.9	-0.6	0.43
101	14.4	0.6	0
102	11.7	1.7	0.08
103	12.8	-0.6	0
104	13.3	-1.1	0
105	7.8	-2.2	0.03
106	1.7	-3.9	0
107	1.7	-5.6	0
108	7.2	-7.2	0
109	11.7	-2.2	0
110	13.9	1.1	0
111	15.6	1.1	0
112	17.2	0.6	0
113	16.7	1.1	0.03
114	13.9	3.3	0.13
115	17.8	1.7	0
116	13.9	5	0.08
117	17.8	2.2	0
118	18.9	3.3	0
119	20	4.4	0
120	18.3	2.2	0
121	18.3	3.3	0
122	13.9	2.8	0
123	15	0	0.05
124	15	-0.6	0
125	13.3	-2.8	0
126	13.3	1.7	0
127	12.8	3.9	0.05
128	17.8	0.6	0
129	21.7	3.3	0
130	25.6	6.7	0
131	26.1	8.3	0
132	21.1	7.8	0
133	16.1	2.8	0.56
134	15	1.1	0
135	20	0.6	0
136	23.9	4.4	0
137	18.9	2.2	0
138	13.9	0	0
139	20	2.2	0
140	23.3	3.9	0
141	23.3	7.8	0
142	24.4	6.1	0
143	18.9	6.7	0
144	19.4	5.6	0
145	13.3	8.9	1.19
146	15	6.1	0
147	17.2	-0.6	0
148	20.6	3.9	0.15
149	20	6.7	0.2
150	15.6	3.3	0.25
151	17.8	0.6	0
152	21.1	3.3	0
153	21.1	6.7	0.03
154	17.8	7.2	0
155	15.6	5	0.36
156	16.1	3.9	0
157	13.3	5.6	1.65
158	11.7	3.3	0.13
159	15.6	4.4	0
160	18.3	4.4	0
161	22.8	6.1	0
162	25	10.6	0
163	26.1	8.3	0
164	24.4	9.4	0.25
165	22.2	7.2	0
166	25.6	7.8	0.13
167	24.4	9.4	0
168	20	8.3	0
169	20	8.3	0.86
170	22.8	7.2	0
171	27.8	7.8	0
172	31.7	11.7	0
173	32.2	12.2	0
174	28.9	12.2	0
175	21.7	5	0
176	28.3	7.2	0
177	26.1	10	0
178	13.9	5.6	0.66
179	15.6	7.2	0.28
180	20	7.8	0.36
181	22.8	8.9	0.03
182	26.7	7.8	0
183	27.8	10	0
184	26.7	10.6	0
185	28.9	10.6	0
186	31.1	14.4	0
187	30.6	16.1	0
188	31.1	10.6	0
189	30.6	13.3	0
190	28.3	11.1	0
191	26.1	12.2	0
192	26.1	7.8	0
193	26.1	11.7	0.1
194	29.4	12.2	0
195	30.6	12.2	0.2
196	31.7	15	0
197	31.7	14.4	0
198	32.8	13.3	0
199	26.7	14.4	1.24
200	25.6	11.7	0.13
201	30.6	10.6	0
202	33.9	12.8	0
203	31.7	15	0
204	27.8	13.9	0
205	27.2	12.8	0
206	24.4	13.3	0.56
207	25	13.9	0
208	26.7	11.1	0
209	26.1	7.2	0
210	27.8	11.1	0
211	27.8	11.1	0
212	28.9	11.1	0
213	30	10	0
214	32.2	11.7	0.13
215	32.2	12.2	0
216	30.6	15	0
217	32.8	12.8	0
218	32.2	13.3	0
219	32.8	14.4	0
220	27.2	15	1.12
221	25.6	13.3	0.89
222	19.4	15.6	0.71
223	20	12.8	0.1
224	23.3	12.2	0
225	26.7	11.1	0
226	28.3	12.8	0
227	27.8	11.1	0
228	23.3	12.2	0
229	21.1	12.8	0.03
230	21.7	8.9	0.18
231	22.8	9.4	0
232	25	9.4	0.51
233	25.6	8.3	0
234	23.3	7.2	0.48
235	20.6	7.2	0
236	19.4	8.9	0
237	21.7	6.7	0
238	22.2	10	0
239	23.3	10.6	0
240	25	8.9	0
241	19.4	8.9	0.36
242	21.1	4.4	0
243	24.4	9.4	0
244	19.4	11.7	0
245	20.6	6.7	0
246	21.1	6.1	0
247	22.8	5	0
248	20	4.4	0
249	8.3	4.4	0
250	13.9	2.2	0
251	13.9	5.6	0
252	24.4	2.8	0
253	22.8	7.8	0
254	16.1	0	0
255	17.2	0	0
256	16.1	-0.6	0
257	15.6	5	0
258	18.9	-1.1	0
259	25.6	5	0
260	25	7.2	0
261	17.8	1.7	0
262	9.4	3.3	0.2
263	11.1	2.8	0
264	15.6	3.3	0
265	11.1	2.2	1.98
266	7.2	0	0
267	16.7	0.6	0
268	16.1	3.9	0.13
269	12.8	1.1	0
270	12.8	-2.8	0
271	16.7	0.6	0
272	15.6	0.6	0
273	11.1	4.4	0
274	11.1	0	0
275	12.8	-2.8	0
276	8.9	1.7	1.07
277	2.8	-0.6	0.64
278	6.1	-3.3	0
279	9.4	-2.8	0
280	8.9	-3.3	0
281	11.1	-4.4	0
282	16.7	-2.2	0
283	17.8	-0.6	0
284	16.7	2.2	0
285	12.8	3.9	0
286	15	-0.6	0
287	15.6	0	0
288	15.6	4.4	0
289	16.7	3.3	0
290	17.2	-1.1	0
291	14.4	2.8	0
292	18.9	6.1	0.18
293	17.2	0	0.05
294	12.2	2.8	0
295	18.3	3.9	0
296	18.9	2.2	0
297	12.8	4.4	0.1
298	10	2.8	0.05
299	11.1	2.8	0
300	8.9	3.3	0.36
301	3.9	-2.8	0.03
302	4.4	-8.9	0
303	3.9	-2.2	0
304	6.1	-0.6	0
305	9.4	-1.1	0
306	6.7	1.1	0.03
307	10	1.7	0
308	8.9	-0.6	0
309	9.4	-1.1	0
310	8.3	-6.1	0
311	8.9	-4.4	0
312	11.7	-2.8	0
313	12.2	-1.7	0
314	11.7	-2.8	0
315	8.9	-0.6	0
316	8.3	-4.4	0
317	12.2	2.2	0
318	12.8	5.6	0
319	4.4	0	0.25
320	8.3	-0.6	0.61
321	1.1	-3.3	0
322	-1.7	-8.3	0
323	-6.1	-13.3	0
324	-6.7	-10.6	0.03
325	-6.1	-13.9	0
326	-5	-15	0.03
327	-2.2	-7.8	0
328	1.1	-10	0
329	3.9	-7.2	0
330	5	-6.7	0
331	7.8	-2.2	0
332	10	-3.9	0
333	6.7	-6.1	0
334	3.9	-1.7	0
335	3.9	1.1	0.05
336	3.9	1.7	1.47
337	2.2	-8.9	0.13
338	-1.7	-10	0.05
339	-2.8	-6.7	0.03
340	-2.8	-10.6	0
341	2.2	-11.7	0
342	4.4	-8.3	0
343	3.9	-7.2	0
344	-1.1	-3.9	0
345	-1.1	-6.1	0
346	-2.2	-6.1	0
347	-0.6	-3.3	0.3
348	1.7	-1.1	0.23
349	2.2	-1.1	0
350	1.7	-5.6	0.48
351	0.6	-2.2	0.03
352	3.9	0	0.03
353	5	-2.8	0
354	7.2	-2.8	0
355	-1.7	-10	0
356	-3.3	-7.2	0.15
357	-3.9	-7.8	0.3
358	-6.1	-11.7	0
359	-9.4	-15.6	0
360	-4.4	-17.8	0
361	-5	-15	0.18
362	-1.1	-5.6	0.28
363	-1.7	-5.6	0.25
364	-2.8	-20.6	0.25
365	-16.7	-25	0
