#weather for site US Sheep Experiment Station year = 1996
#DOY Tmax(C) Tmin(C) PPT(cm)
1	-3.3	-12.8	0.23
2	-1.7	-10	0.15
3	-2.8	-12.2	0
4	-2.8	-15.6	0
5	-1.1	-16.7	0
6	3.3	-9.4	0
7	3.3	-7.2	0
8	5	-6.7	0
9	7.2	-6.7	0
10	1.1	-7.2	0
11	6.1	-8.9	0
12	3.9	-8.3	0
13	2.8	-8.3	0
14	2.2	-4.4	0.05
15	1.1	-5	0.25
16	0.6	-7.2	0.48
17	-5.6	-22.2	0
18	-6.7	-11.1	0.33
19	-5	-13.3	0
20	-1.7	-6.1	0.03
21	-2.2	-14.4	0
22	-5.6	-16.7	0.05
23	-2.2	-16.1	0.2
24	-5	-18.9	0
25	-10	-20	0
26	-6.1	-18.3	0.41
27	-2.8	-11.1	0.46
28	-3.3	-15	0
29	-7.2	-16.7	0
30	-10	-23.3	0
31	-12.8	-23.3	0
32	-13.9	-24.4	0
33	-10.6	-26.7	0
34	-4.4	-17.8	0
35	1.1	-6.7	0.13
36	2.2	-2.2	0.03
37	3.9	-1.1	0
38	4.4	-2.8	0
39	8.9	-1.7	0
40	5.6	-5.6	0
41	5.6	-10.6	0
42	8.3	-7.8	0
43	6.7	-6.1	0
44	6.1	-6.1	0
45	7.8	-6.1	0
46	8.9	-6.7	0
47	7.8	-3.9	0
48	5.6	-1.1	0
49	6.1	-1.7	0
50	7.2	-3.3	0.3
51	5.6	-1.7	0.15
52	5	-3.3	0.51
53	0.6	-14.4	0
54	2.8	-4.4	0.08
55	-2.2	-8.9	0
56	-4.4	-15	0
57	-9.4	-20.6	0
58	-6.1	-21.7	0
59	-1.7	-18.3	0
60	1.7	-11.7	0
61	4.4	-11.7	0
62	3.3	-5.6	0
63	5.6	-0.6	0.08
64	1.7	-9.4	0.43
65	1.7	-12.8	0
66	3.9	-5	0
67	9.4	-3.3	0
68	8.9	-3.9	0
69	8.3	1.1	0
70	8.3	0.6	0
71	5	-2.2	0.05
72	8.3	-2.2	0
73	12.2	-1.7	0
74	10.6	-2.8	0
75	9.4	-3.3	0
76	7.8	-3.3	0
77	6.7	-5.6	0
78	8.9	-7.2	0
79	14.4	-2.2	0
80	14.4	0	0
81	13.9	0.6	0
82	9.4	-4.4	0
83	-1.7	-13.3	0
84	3.9	-16.1	0
85	5.6	-8.9	0
86	6.7	-4.4	0
87	5	-6.7	0.89
88	1.7	-5	0.25
89	5.6	-12.8	0
90	12.8	-5.6	0
91	15.6	0.6	0
92	13.3	0	1.04
93	7.8	-3.9	0.03
94	8.3	-3.9	0.05
95	12.8	-5	0
96	16.1	-1.7	0
97	21.1	2.8	0
98	NA	NA	NA
99	22.2	2.8	0
100	24.4	4.4	0
101	22.8	11.7	0
102	17.2	1.1	0
103	8.9	-0.6	0.36
104	8.3	-4.4	0.05
105	12.8	-5.6	0
106	13.9	-2.8	0
107	15	0	0
108	13.9	0	0.38
109	3.9	-4.4	0.51
110	6.1	-6.1	0.28
111	6.1	-1.7	0.51
112	4.4	-2.8	0.3
113	7.2	-4.4	0
114	13.9	3.3	0
115	13.9	5.6	0
116	12.8	-2.8	0
117	16.1	1.7	0
118	15	-2.2	0
119	8.3	-5.6	0
120	12.2	-3.3	0
121	12.2	1.7	0
122	17.2	1.7	0
123	16.1	-0.6	0
124	12.2	-5.6	0
125	11.1	-0.6	0
126	10	-2.2	0
127	15.6	-2.2	0
128	17.8	4.4	0
129	17.8	-1.7	0
130	17.2	-1.1	0
131	17.8	1.1	0
132	18.9	1.7	0
133	23.9	5.6	0
134	24.4	7.2	0
135	23.3	7.2	0.28
136	20	7.2	0.13
137	18.3	7.8	1.4
138	15.6	5.6	0
139	14.4	4.4	0.64
140	14.4	1.7	0
141	12.8	-1.7	0
142	15.6	0	0
143	17.2	6.7	0
144	15.6	-1.7	0
145	15	2.2	0.08
146	17.8	5	0
147	15.6	7.8	0.56
148	16.7	5.6	0.18
149	16.1	7.2	1.19
150	14.4	3.3	0.25
151	13.9	3.3	0.51
152	15.6	-0.6	0
153	21.1	2.2	0
154	22.8	5	0
155	25.6	6.1	0
156	27.8	10.6	0
157	27.2	7.2	0
158	25	3.3	0
159	27.8	6.1	0
160	31.7	5.6	0
161	30	8.9	0
162	28.3	10	0
163	27.8	8.3	0
164	27.2	7.2	0
165	28.9	7.8	0
166	29.4	8.9	0.18
167	28.9	8.9	0.58
168	28.3	8.9	0.03
169	26.7	8.3	0
170	25.6	6.7	0
171	18.9	-0.6	0
172	23.9	4.4	0
173	27.2	6.1	0
174	27.8	7.8	1.02
175	22.2	5	0
176	23.9	9.4	0
177	25.6	7.2	0
178	25.6	10	0
179	23.3	8.3	0
180	22.8	7.2	0
181	22.8	4.4	1.45
182	27.8	7.2	0
183	30	9.4	0
184	33.3	12.8	0
185	31.7	12.2	0
186	31.7	12.8	0
187	28.9	10.6	0
188	26.7	8.3	0
189	30	9.4	0
190	31.1	12.8	0
191	31.1	17.8	0
192	31.7	9.4	0
193	32.2	13.9	0
194	30.6	12.8	0
195	31.1	12.2	0
196	31.1	12.2	0
197	28.9	12.2	0
198	27.8	14.4	0.84
199	25.6	9.4	0.66
200	26.1	12.8	0
201	27.2	9.4	0
202	27.2	7.2	0
203	27.8	8.3	0
204	30	12.8	0
205	31.1	14.4	0
206	31.7	13.9	0
207	32.2	13.3	0
208	32.8	12.8	0
209	32.8	14.4	0
210	32.2	13.3	0
211	26.7	14.4	0
212	28.3	11.1	0
213	29.4	9.4	0
214	31.7	11.1	0
215	31.1	11.7	0
216	27.8	7.8	0
217	18.9	5	0
218	26.1	4.4	0
219	24.4	6.1	0.18
220	26.7	4.4	0
221	31.1	8.9	0
222	31.7	13.9	0
223	32.8	12.8	0
224	33.9	11.1	0
225	33.3	13.9	0
226	32.8	16.7	0
227	29.4	14.4	0
228	29.4	10	1.24
229	31.7	11.1	0
230	31.1	11.1	0
231	28.9	10	0
232	24.4	3.3	0
233	27.8	7.2	0
234	27.2	10	0
235	27.2	5.6	0
236	30	8.9	0
237	31.7	8.9	0
238	31.1	11.1	0
239	32.2	12.2	0
240	31.7	13.9	0
241	28.3	9.4	0.03
242	27.2	9.4	0
243	28.3	9.4	0
244	30	8.3	0
245	23.9	8.3	0
246	23.3	4.4	0
247	26.7	6.7	0
248	28.3	7.2	0
249	27.2	10.6	0.25
250	18.9	-1.7	0
251	24.4	3.9	0
252	25	5.6	0
253	27.8	7.2	0
254	30	8.3	0
255	29.4	15.6	0
256	26.1	11.7	0.03
257	25.6	12.8	0
258	21.7	8.3	0
259	20.6	4.4	0
260	18.9	3.3	2.74
261	10	2.2	0.23
262	10.6	-2.2	0
263	12.8	1.1	0
264	15.6	0	0
265	18.3	2.8	0
266	17.8	2.8	0
267	16.1	-1.7	0
268	15.6	0	0
269	14.4	-0.6	0
270	11.1	-0.6	0
271	16.1	-2.8	0
272	22.8	1.1	0
273	23.3	1.7	0
274	24.4	3.9	0
275	25.6	5	0
276	25	3.9	0
277	24.4	5.6	0
278	22.8	5	0
279	24.4	6.1	0
280	22.8	6.1	0
281	22.2	7.2	0
282	23.3	5	0
283	24.4	6.1	0
284	25	6.1	0
285	25	3.9	0
286	23.3	3.9	0
287	22.2	3.3	0
288	17.8	-0.6	0
289	13.9	1.1	0
290	6.7	-0.6	0
291	3.3	-9.4	0
292	7.8	-5	0
293	7.8	-1.7	0.25
294	1.7	-6.7	0
295	4.4	-10.6	0
296	5	-4.4	0
297	4.4	-2.8	0.05
298	3.3	-1.1	0.43
299	3.3	-0.6	1.27
300	2.2	-2.8	0
301	7.8	-7.2	0
301	5	-8.3	0
302	6.1	-4.4	0
303	3.9	-3.9	0.2
304	7.8	-7.2	0
305	7.2	-5.6	0
306	10	-4.4	0
307	11.7	-3.9	0
308	7.8	-2.8	0
309	6.1	-7.2	0
310	0.6	-11.1	0
311	6.1	-8.9	0
312	10	-2.8	0
313	10	-3.3	0
314	12.2	-2.8	0
315	10.6	-2.8	0
316	12.2	-1.1	0
317	12.2	-1.1	0
318	8.9	-0.6	0.2
319	0.6	-4.4	0.48
320	-1.1	-8.9	0
321	-1.1	-5	0.36
322	2.2	-4.4	0.23
323	10	1.7	0
324	9.4	0	0.05
325	7.8	-0.6	0
326	5	1.7	1.37
327	5.6	-1.7	0.05
328	3.9	-2.8	0.08
329	5.6	-1.7	0
330	2.2	-7.2	0
331	-1.7	-6.1	0
332	-1.1	-3.9	0.3
333	1.1	-4.4	0
334	-2.2	-15	0
335	-1.1	-8.9	0.38
336	-3.9	-15.6	0
337	-3.9	-11.7	0.71
338	-5	-19.4	0
339	-1.7	-8.3	0.15
340	-3.3	-11.7	0
341	-1.7	-13.9	0
342	2.8	-3.9	0.15
343	4.4	-2.8	0
344	3.3	1.1	0.56
345	1.7	-6.1	0.23
346	2.8	-3.9	0.46
347	-0.6	-4.4	0.33
348	-0.6	-11.1	0
349	-6.7	-14.4	0
350	-6.7	-11.7	0.1
351	-8.3	-18.9	0
352	-11.1	-20.6	0
353	-5.6	-14.4	0.03
354	-4.4	-13.3	0.05
355	-3.3	-9.4	0.08
356	-3.9	-11.7	0.05
357	-3.3	-10	0.08
358	-2.2	-12.2	0
359	-1.1	-8.3	0
360	-1.1	-13.3	0
361	0	-6.1	0.28
362	1.7	-5.6	0
363	2.2	-1.7	0
364	5	0.6	0.08
365	6.7	0.6	0.25
366	4.4	0.6	0.15
