#weather for site US Sheep Experiment Station year = 1955
#DOY Tmax(C) Tmin(C) PPT(cm)
1	-0.6	-8.3	1.07
2	-5.6	-10.6	0
3	-7.8	-17.8	0
4	-11.7	-18.9	0.03
5	-8.9	-18.9	0
6	-11.1	-22.2	0
7	-10.6	-25.6	0
8	-8.9	-18.3	0
9	-8.3	-12.2	0.05
10	-11.1	-20	0
11	-8.9	-19.4	0.05
12	-7.2	-12.2	0
13	-8.3	-18.3	0
14	-8.3	-15.6	0
15	-5	-11.7	0.15
16	-10	-19.4	0.05
17	-7.2	-17.8	0
18	-2.8	-11.1	0.43
19	-7.2	-15	0
20	-10	-19.4	0
21	-12.8	-21.7	0
22	-7.2	-15.6	0
23	-6.7	-15.6	0
24	-3.3	-12.2	0
25	-6.7	-10.6	0
26	-7.8	-9.4	0
27	-2.8	-14.4	0
28	-2.2	-13.3	0
29	-1.7	-11.1	0
30	-0.6	-3.9	0
31	-2.8	-6.1	0.61
32	-2.8	-8.3	0
33	-3.9	-8.9	0
34	-5.6	-13.9	0
35	-10	-23.9	0
36	-10	-22.2	0.03
37	-6.1	-13.3	0
38	-0.6	-8.9	0
39	-2.8	-10	0
40	-8.3	-20	0
41	-6.7	-19.4	0
42	-2.2	-11.1	0
43	0.6	-13.3	0
44	2.2	-8.3	0
45	1.1	-6.1	0.05
46	-0.6	-8.3	0
47	-1.7	-8.3	0.2
48	-8.3	-17.8	0
49	-10	-16.1	0
50	-8.3	-15	0
51	-10.6	-18.9	0
52	-7.2	-12.8	0.3
53	-7.8	-19.4	0
54	-5	-15	0.05
55	-2.8	-6.7	0
56	-3.3	-13.3	0.13
57	-2.8	-11.1	0.05
58	-2.8	-17.2	0
59	-1.1	-15	0
60	1.1	-5	0
61	-1.1	-10	0
62	-4.4	-18.3	0
63	-7.8	-19.4	0
64	-8.9	-25	0.05
65	-3.3	-17.8	0
66	2.2	-12.2	0
67	0.6	-11.1	0
68	0.6	-8.9	0
69	0.6	-3.9	0
70	2.2	-7.2	0
71	-2.2	-7.2	0
72	-1.1	-7.8	0.05
73	-3.3	-15	0
74	-2.2	-16.7	0
75	0.6	-12.2	0
76	-1.1	-8.9	0
77	-2.2	-13.9	0
78	-8.3	-17.8	0
79	-6.1	-20	0
80	4.4	-8.9	0
81	3.3	-12.2	0
82	-1.1	-13.3	0
83	-4.4	-18.3	0
84	0.6	-15.6	0
85	0.6	-13.9	0
86	2.8	-10	0
87	5.6	-3.3	0.28
88	5.6	-7.2	0
89	2.2	-8.9	0
90	3.9	-10.6	0
91	2.2	-3.3	0.28
92	-2.2	-11.1	0
93	-1.7	-6.1	0
94	1.1	-5.6	0
95	6.7	-7.2	0
96	7.8	-6.7	0
97	10.6	-3.3	0
98	10	-1.1	0
99	10	0	0
100	5.6	-2.8	0
101	7.8	-5.6	0
102	11.1	-1.7	0
103	10	0.6	0
104	7.2	-5	0
105	11.1	-5.6	0
106	10.6	2.2	0.1
107	10.6	2.2	0.03
108	6.1	-4.4	0.08
109	8.9	-4.4	0
110	12.8	0	0
111	9.4	0.6	0.13
112	8.3	-6.7	0.48
113	7.8	-0.6	0.03
114	NA	NA	NA
115	9.4	0	0.25
116	8.9	-1.7	0.33
117	2.8	-8.3	0.15
118	4.4	-5.6	0
119	17.2	1.7	0
120	19.4	2.2	0
121	17.8	5.6	0
122	10.6	-1.1	0.46
123	10.6	-0.6	0
124	17.2	-1.1	0
125	22.8	3.9	0
126	21.7	3.9	0
127	22.2	3.9	0
128	22.8	8.3	0
129	21.7	1.1	0
130	19.4	1.7	0
131	21.1	2.2	0
132	21.1	3.3	0
133	20	7.2	0
134	14.4	3.3	0
135	6.7	-1.7	1.68
136	6.7	-1.1	0.2
137	13.3	-0.6	0
138	18.9	1.7	0
139	22.2	4.4	0
140	24.4	5.6	0
141	19.4	6.7	0
142	16.1	5.6	1.12
143	18.3	3.9	0
144	16.1	3.3	0.41
145	13.3	4.4	0.25
146	13.3	4.4	0.03
147	10.6	-1.1	0.18
148	16.1	-1.1	0
149	22.2	2.8	0
150	22.8	10.6	0
151	13.9	1.7	0.33
152	10.6	0.6	0
153	10.6	2.8	0.33
154	15	3.3	0.56
155	16.7	1.7	0
156	16.7	6.7	0
157	21.1	3.3	0
158	27.2	7.8	0
159	26.7	9.4	0
160	21.1	5	0
161	23.3	7.2	0
162	24.4	8.9	0
163	24.4	10	0
164	22.2	7.8	0.61
165	19.4	7.2	0.13
166	19.4	7.8	0.18
167	16.7	6.7	1.63
168	17.8	3.9	0
169	20.6	3.9	0
170	24.4	5.6	0
171	28.9	8.9	0
172	30	10.6	0
173	31.1	12.2	0
174	30	11.1	0
175	27.2	8.3	0
176	22.2	4.4	0
177	22.8	8.3	0.03
178	25	6.1	0
179	27.2	6.7	0
180	21.7	3.9	1.17
181	16.1	2.2	0.1
182	17.2	2.2	0
183	18.9	2.2	0
184	22.2	7.8	0.03
185	26.7	8.3	0.13
186	25	8.3	0
187	23.3	10	0.05
188	20.6	1.1	0
189	23.9	3.9	0
190	27.8	11.7	0
191	24.4	12.8	0
192	23.9	8.9	0
193	25	9.4	0
194	30	10	0
195	33.3	11.7	0.13
196	35.6	13.9	0
197	35	16.7	0
198	35	15.6	0
199	35	16.1	0
200	35.6	15.6	0
201	32.8	13.9	0.03
202	31.7	15	0
203	29.4	13.9	0.2
204	31.7	16.7	0
205	27.2	15	0.84
206	28.9	13.3	0
207	31.1	8.3	0
208	28.3	12.8	0
209	27.8	12.8	0.13
210	27.2	8.3	0
211	31.7	7.8	0
212	34.4	12.2	0
213	33.3	17.2	0.05
214	33.9	13.3	0
215	32.8	12.2	0
216	31.1	12.8	0
217	32.8	12.8	0
218	30	14.4	0
219	30	15	0
220	29.4	13.9	0.05
221	29.4	12.8	0
222	31.7	12.8	0
223	32.8	15.6	0
224	33.3	13.3	0
225	31.1	13.9	0.05
226	24.4	9.4	1.85
227	27.2	10	0.08
228	28.3	12.8	0.08
229	27.8	11.1	1.02
230	29.4	10.6	0
231	27.8	11.7	0
232	30	10.6	0
233	30.6	10	0
234	32.2	11.1	0
235	31.7	11.1	0
236	31.1	10.6	0
237	28.3	11.1	0
238	26.7	9.4	0
239	26.7	8.3	0
240	25.6	8.9	0
241	29.4	8.3	0
242	31.1	10	0
243	33.3	11.7	0
244	32.2	13.9	0
245	31.1	13.9	0
246	31.1	13.3	0
247	32.8	14.4	0
248	32.2	11.1	0
249	32.8	11.7	0
250	33.3	13.3	0
251	30.6	13.9	0
252	26.1	7.8	0
253	25	8.3	0
254	26.1	8.3	0
255	27.2	7.8	0
256	27.8	5.6	0
257	26.7	10.6	0
258	20.6	5.6	0
259	19.4	2.8	0
260	17.8	7.2	0
261	17.8	5	0.46
262	16.1	6.7	0.03
263	16.1	4.4	0
264	13.3	1.7	0
265	13.9	-1.1	0
266	16.7	0.6	0
267	14.4	4.4	0
268	8.3	0.6	0.08
268	16.1	1.7	0.03
269	19.4	1.1	0
270	17.8	3.9	0
271	13.9	-1.1	0
272	14.4	-1.7	0
273	19.4	0	0
274	23.3	2.2	0
275	24.4	4.4	0
276	22.8	6.7	0
277	8.9	-1.7	0.03
278	10	-6.7	0
279	15	-2.2	0
280	19.4	1.7	0
281	22.2	3.3	0
282	21.7	4.4	0
283	17.2	-3.3	0.03
284	13.3	-0.6	0
285	18.3	0.6	0
286	20	0	0
287	21.1	4.4	0
288	20.6	3.9	0
289	22.2	5	0
290	21.7	5	0
291	18.3	7.2	0
292	12.8	5.6	0.56
293	13.9	2.2	0
294	11.7	2.2	0.46
295	8.3	-2.8	0
296	11.1	-2.2	0
297	14.4	-0.6	0
298	13.3	-0.6	0
299	5	-6.1	0.08
300	7.2	-3.3	0.03
301	10.6	-5.6	0
302	10.6	-4.4	0
303	3.9	-11.1	0
304	-1.1	-10.6	0.25
305	-2.2	-16.1	0.08
306	5.6	-6.7	0
307	8.9	-2.2	0
308	7.2	-5.6	0
309	4.4	-8.3	0
310	6.1	-5.6	0
311	4.4	0	0
312	7.2	-3.9	0
313	12.8	-0.6	0
314	7.2	-7.8	0
315	-2.8	-11.1	0
316	-3.3	-17.8	0
317	-5	-13.9	0.15
318	-13.9	-24.4	0
319	-13.9	-26.1	0
320	-5	-17.8	0.05
321	-1.7	-8.3	0
322	5	-2.2	0.28
323	10	3.9	0.15
324	5	1.1	0.36
325	0.6	-10.6	0.05
326	-2.2	-11.7	0
327	0	-11.1	0.13
328	3.3	-7.8	0
329	5	-5.6	0
330	5	-5	0
331	3.9	-5.6	0
332	4.4	-3.3	0.13
333	3.9	-11.1	0.2
334	-0.6	-3.9	0.25
335	-1.1	-5.6	0.33
336	-1.1	-11.1	0
337	-6.7	-14.4	0
338	-6.1	-10	0.05
339	-1.7	-7.2	0.05
340	-1.7	-13.9	0
341	-5.6	-13.9	0
342	-1.1	-8.3	0.05
343	-2.2	-11.1	0
344	-3.9	-8.9	0.05
345	0	-5	0.05
346	-2.8	-13.3	0
347	-6.1	-20.6	0
348	-5.6	-22.2	0
349	-5	-10	0
350	-5.6	-13.3	0
351	-1.1	-11.1	0.08
352	1.7	-1.1	0.56
353	2.2	-0.6	0.43
354	3.3	-2.2	0
355	5	0	0
356	8.9	3.3	0
357	6.1	-3.3	2.54
358	1.7	-8.9	0
359	3.3	-3.9	0
360	11.7	-2.2	0.1
361	-1.1	-11.1	0
362	-5	-12.2	0
363	3.3	-11.1	0
364	1.7	-2.8	0.43
365	1.1	-7.2	0.23
