#weather for site US Sheep Experiment Station year = 1931
#DOY Tmax(C) Tmin(C) PPT(cm)
1	-2.2	-8.9	0.28
2	-2.2	-8.9	0.13
3	-5.6	-11.1	0.05
4	-3.9	-11.7	0
5	-2.2	-11.1	0
6	-6.1	-11.7	0.15
7	-5	-14.4	0
8	-8.3	-13.3	0
9	-5.6	-11.7	0
10	-2.2	-12.2	0.25
11	-5	-13.3	0
12	-2.2	-8.3	0
13	-2.8	-11.1	0
14	1.1	-7.8	0
15	-3.3	-7.2	0.46
16	-5.6	-10.6	0.03
17	-7.8	-15.6	0
18	-7.8	-16.1	0.03
19	-1.1	-10.6	0
20	-3.3	-12.2	0
21	-1.1	-12.2	0
22	2.8	-7.2	0.05
23	-1.1	-11.1	0.18
24	-3.9	-12.2	0
25	-1.7	-8.9	0
26	1.1	-8.9	0
27	6.1	-8.9	0
28	6.7	-8.9	0
29	3.3	-7.8	0
30	6.1	-7.2	0
31	3.9	-9.4	0
32	4.4	-6.7	0
33	2.8	-8.3	0
34	2.8	-6.7	0
35	1.7	-2.2	0.28
36	0.6	-10	0.2
37	-1.1	-7.8	0
38	1.1	-12.8	0
39	-2.2	-14.4	0
40	0	-10	0
41	0	-6.1	0
42	-1.7	-12.2	0
43	3.9	-11.1	0
44	5.6	-11.7	0
45	1.1	-6.1	0
46	1.1	-5	0
47	-2.2	-12.2	0
48	0	-8.9	0
49	2.2	-1.7	0.1
50	0.6	-6.1	0.28
51	0	-10	0
52	0	-13.3	0
53	1.7	-13.9	0
54	-0.6	-12.8	0
55	0	-16.1	0
56	-2.8	-13.3	0.08
57	0	-8.3	0.1
58	-1.1	-8.3	0
59	3.9	-12.8	0
60	3.9	-8.9	0
61	3.9	-8.3	0
62	-0.6	-7.8	0
63	-5	-12.2	0
64	-6.1	-17.8	0
65	-2.8	-11.1	0
66	-2.2	-16.7	0
67	0	-9999	0
68	1.7	-6.1	0
69	4.4	-1.7	0
70	5	-1.7	0
71	4.4	-6.7	0
72	4.4	-8.9	0
73	4.4	-8.3	0
74	2.8	-3.3	0
75	1.7	-5.6	0
76	2.2	-0.6	0.99
77	3.3	-5.6	0
78	7.2	-3.3	0
79	6.1	-1.1	0
80	8.9	0	0
81	5	-5.6	0
82	3.3	-9.4	0
83	1.7	-6.7	0.25
84	-6.1	-15	0
85	-3.9	-13.9	0
86	-0.6	-7.8	0
87	2.8	-7.2	0
88	2.8	-7.8	0
89	7.8	0	0.18
90	10.6	0.6	0
91	5.6	-3.3	0
92	7.2	-6.7	0
93	10.6	-5.6	0
94	15	-2.2	0
95	16.7	1.1	0
96	20	1.1	0
97	15	-2.2	0
98	12.2	-4.4	0
99	16.7	-1.1	0
100	18.9	2.8	0
101	20	0.6	0
102	13.9	4.4	0
103	11.1	-4.4	0
104	13.9	-1.1	0
105	17.2	-1.1	0
106	21.1	0.6	0
107	17.8	-0.6	0
108	11.1	-1.7	0
109	7.2	-5.6	0
110	10.6	-5.6	0
111	7.8	-5.6	0
112	7.2	-3.3	0
113	6.7	-0.6	0
114	10.6	0.6	0.03
115	16.1	-2.2	0
116	18.9	3.3	0
117	18.9	1.7	0
118	16.7	3.9	0.08
119	15	3.9	0
120	20	5.6	0
121	17.2	5	0
122	14.4	4.4	0.43
123	17.2	1.7	0
124	20	4.4	0
125	23.9	2.2	0
126	27.2	4.4	0
127	10.6	-3.3	0
128	11.1	2.2	0
129	15	-1.7	0
130	20.6	-0.6	0
131	25	3.9	0
132	26.7	15.6	0
133	26.7	15.6	0
134	27.2	13.3	0
135	26.7	13.9	0
136	26.7	6.1	0
137	13.9	0	0
138	13.3	0	0
139	11.1	1.7	0
140	13.3	2.8	0
141	23.3	12.8	0
142	26.7	15.6	0
143	27.8	15	0
144	28.3	16.7	0
145	21.7	8.3	2.16
146	17.2	8.3	0
147	17.2	7.8	0.1
148	19.4	9.4	0
149	24.4	13.9	0
150	25.6	14.4	0
151	23.9	9.4	0.3
152	22.2	6.7	0.13
153	21.7	8.3	0.05
154	20	8.3	0.03
155	23.9	7.2	0
156	26.7	7.8	0
157	29.4	10	0
158	28.9	8.9	0
159	22.2	11.1	0
160	21.7	9.4	0
161	22.8	8.3	0
162	25	7.2	0
163	27.2	6.7	0
164	30	11.1	0
165	31.7	12.2	0
166	30	9.4	0
167	31.1	5.6	0
168	25.6	3.3	0
169	25.6	6.7	0
170	26.1	9.4	0
171	30.6	10.6	0
172	29.4	11.7	0
173	28.9	13.9	0
174	28.9	6.1	0
175	32.8	7.8	0
176	32.2	15	0
177	31.7	12.2	0.25
178	28.3	8.9	0
179	30	12.2	0
180	31.7	7.2	0
181	27.2	8.9	0
182	31.7	11.1	0
183	-9999	-9999	0
184	-9999	-9999	0
185	-9999	-9999	0
186	22.8	5	0
187	27.2	8.3	0
188	30	10.6	0
189	32.2	13.3	0
190	32.2	13.9	0
191	26.7	12.2	0
192	29.4	8.3	0
193	34.4	11.1	0
194	33.3	13.9	0
195	32.2	11.1	0
196	32.2	14.4	0
197	35	12.2	0
198	36.1	15.6	0
199	34.4	16.1	0
200	35	14.4	0
201	37.8	15.6	0
202	36.1	20.6	0.05
203	38.9	15.6	0
204	33.9	18.3	0
205	34.4	19.4	0.23
206	36.7	16.1	0.3
207	37.8	15.6	0
208	35	17.2	0
209	32.2	16.7	1.07
210	26.7	12.8	0.03
211	24.4	10.6	0.03
212	25	8.9	0
213	28.9	9.4	0
214	31.1	10	0
215	31.1	12.2	0
216	31.1	12.8	0
217	30.6	10.6	0
218	30.6	11.7	0
219	30.6	10	0
220	29.4	11.1	0
221	-9999	-9999	0
222	-9999	-9999	0
223	31.7	17.8	0
224	21.7	13.9	0.94
225	23.3	10.6	0
226	30.6	10	0
227	31.7	12.2	0
228	33.3	13.3	0
229	32.8	15.6	0.23
230	30	10.6	0
231	33.3	12.2	0.1
232	35.6	12.8	0.46
233	30	10.6	0
234	32.2	11.7	0
235	32.8	10	0
236	32.8	11.1	0
237	35	9.4	0
238	23.3	6.1	0
239	26.1	6.1	0
240	30	7.8	0
241	30	11.1	0
242	26.1	8.3	0
243	26.7	10.6	0
244	28.3	11.1	0
245	30.6	10	0
246	32.8	12.8	0
247	31.1	11.7	0
248	30.6	12.2	0
249	30	10	0
250	28.9	8.9	0
251	27.2	3.9	0
252	21.7	9.4	0
253	21.1	0	0
254	22.2	6.1	0
255	24.4	2.2	0
256	23.3	5.6	0
257	22.2	5.6	0.03
258	23.9	5.6	0
259	27.8	7.2	0
260	23.9	9.4	0
261	18.9	5	0.89
262	16.1	5.6	0
263	13.3	2.8	0
264	11.1	-0.6	0
265	16.7	2.2	0.05
266	14.4	0.6	0.28
267	16.1	-1.1	0
268	20.6	1.7	0
269	23.3	4.4	0
270	23.3	6.7	0.81
271	15	8.9	0.03
272	17.2	1.1	0
273	20	1.7	0
274	21.1	3.3	0
275	19.4	3.9	0
276	17.8	1.1	0
277	16.7	6.7	0
278	11.7	3.3	0
279	10.6	0.6	0
280	18.3	-0.6	0
281	18.9	3.9	0
282	17.2	3.9	0
283	16.1	1.1	0
284	15	-1.7	0
285	15.6	-1.1	0
286	19.4	1.7	0
287	20	1.1	0
288	20	1.7	0
289	19.4	1.7	0
290	20.6	7.8	0
291	18.9	1.1	0
292	18.3	2.2	0
293	15.6	1.1	0
294	15.6	0	0.1
295	11.7	0.6	0
296	11.1	-0.6	0
297	15	0.6	0.25
298	17.8	0	0
299	6.1	-7.8	0
300	4.4	-4.4	0
301	10.6	-3.9	0
302	10.6	-6.7	0
303	13.9	-1.7	0
304	15	-1.1	0
305	15	0.6	0
306	16.7	0	0
307	17.8	0.6	0
308	17.8	1.7	0
309	15.6	0	0
310	17.8	2.2	0
311	13.9	3.3	0
312	5	-11.1	0
313	0	-3.3	0.2
314	1.1	-8.9	0
315	-2.8	-11.7	0
316	2.8	-8.3	0
317	4.4	-7.8	0
318	1.7	-2.8	0.46
319	1.7	-10	0.13
320	1.7	-6.1	0
321	0	-8.9	0
322	-1.1	-18.3	0.43
323	-3.3	-12.8	0
324	-10.6	-17.8	0
325	-8.3	-17.8	0
326	-8.9	-13.9	0
327	-8.3	-13.3	0
328	3.3	-11.1	0
329	-3.3	-8.3	0.51
330	1.1	-10	0.03
331	0	-12.2	0
332	-5	-13.3	0
333	-4.4	-14.4	0
334	0.6	-15	0
335	3.3	-11.7	0
336	0	-11.7	0.53
337	-4.4	-8.9	0
338	-3.3	-10.6	0
339	-3.3	-8.3	0
340	-1.7	-11.1	0
341	-2.2	-9.4	0
342	-2.8	-10.6	0
343	-8.3	-11.7	0
344	-5.6	-13.3	0.43
345	-10	-19.4	0
346	-9.4	-15	0
347	-10	-21.1	0
348	-6.7	-18.3	0
349	-6.7	-20.6	0
350	0.6	-12.2	0
351	2.8	-6.1	0
352	6.1	-8.9	0
353	1.7	-1.7	0.25
354	2.2	-11.1	0
355	-9999	-9999	0
356	-9999	-9999	0
357	1.7	-8.3	0.84
358	0.6	-1.1	1.52
359	0	-6.1	0
360	0	-5.6	1.14
361	-9999	-9999	0
362	-9999	-9999	0
363	-9999	-9999	0
364	-9999	-9999	1.52
365	-9999	-9999	0
