#weather for site US Sheep Experiment Station year = 1950
#DOY Tmax(C) Tmin(C) PPT(cm)
1	-5	-12.2	0
2	-13.9	-21.1	0
3	-15	-20.6	0.08
4	-16.7	-26.1	0.08
5	-8.9	-17.2	0
6	-5	-12.2	0
7	-3.3	-12.2	0
8	-3.9	-11.7	0
9	-4.4	-20	0.08
10	-5	-9.4	0.1
11	-8.3	-17.2	0.15
12	-8.9	-22.2	0
13	-5	-12.2	0.74
14	-12.2	-27.2	0
15	-9.4	-20	0
16	-7.8	-11.1	0
17	-5.6	-11.1	0.51
18	0	-11.7	0.05
19	2.8	-1.7	0
20	2.2	-1.1	0
21	3.9	0	0
22	1.7	-6.1	0.58
23	-2.2	-14.4	0
24	-10	-24.4	0
25	-10.6	-22.2	0
26	-2.2	-12.8	0
27	-2.2	-13.3	0
28	-12.8	-24.4	0
29	-13.3	-23.9	0
30	-13.9	-23.3	0
31	-14.4	-19.4	0
32	-15	-22.8	0
33	-9.4	-21.7	0
34	-1.7	-13.9	0.51
35	1.1	-1.7	0.56
36	1.7	-3.9	0.38
37	0.6	-11.1	0
38	-1.1	-12.2	0
39	-2.2	-7.2	0
40	0	-10.6	0
41	-1.7	-6.7	0.25
42	-2.2	-15.6	0
43	-3.9	-13.9	0
44	1.1	-7.2	0
45	1.1	-3.3	0
46	3.3	-3.3	0
47	1.1	-7.8	0
48	3.3	-8.9	0.1
49	3.3	-8.3	0
50	2.2	-2.2	0
51	-0.6	-12.2	0
52	-2.2	-9.4	0
53	-2.2	-6.7	0.08
54	3.3	-5.6	0
55	4.4	-1.7	0
56	6.1	-1.7	0
57	5	-3.3	0
58	2.8	-10	0
59	2.8	-11.7	0
60	4.4	-11.7	0
61	2.2	-5.6	0
62	4.4	0	0
63	8.9	0.6	0
64	6.7	-4.4	0.23
65	-0.6	-7.8	0
66	-1.1	-11.1	0.08
67	0	-6.1	0.15
68	-1.1	-11.1	0.08
69	-8.9	-18.3	0
70	-5	-16.1	0
71	-1.7	-15	0
72	0.6	-7.8	0
73	4.4	-5	0
74	5.6	-6.1	0
75	5	-0.6	0.64
76	3.3	-7.2	0.33
77	2.2	-1.1	0.43
78	0.6	-8.9	0
79	2.8	-2.2	0
80	2.2	-2.2	0.38
81	0.6	-11.7	0
82	3.9	-3.9	0.36
83	3.9	-2.8	0.13
84	1.1	-5.6	0.1
85	1.7	-7.8	0.05
86	0	-12.2	0
87	-1.1	-12.8	0
88	5.6	-7.8	0
89	8.9	-2.2	0
90	11.7	1.1	0
91	10	-1.7	0
92	3.3	-4.4	0
93	3.9	-6.7	0
94	7.2	-6.1	0
95	14.4	0	0
96	12.2	-0.6	0
97	10	0.6	0.05
98	8.3	-1.7	0
99	9.4	-3.9	0
100	11.7	-2.8	0
101	14.4	-1.7	0
102	18.3	0.6	0
103	11.7	0	0.15
104	13.3	-2.2	0.05
105	15.6	0.6	0
106	17.2	1.1	0
107	12.8	-3.9	0
108	12.2	-3.9	0
109	17.2	0	0
110	20	6.1	0
111	19.4	5	0
112	11.7	-3.3	0
113	6.1	-5.6	0
114	11.7	-3.9	0
115	11.1	-3.3	0
116	10.6	0	0.56
117	4.4	-2.8	0.58
118	3.3	-5.6	0
119	8.9	-7.8	0
120	NA	NA	NA
121	9.4	-1.1	0.74
122	9.4	-2.2	0.28
123	8.3	-1.7	0
124	7.8	-2.2	0
125	8.3	-5	0
126	6.7	-4.4	0.03
127	10	-5.6	0
128	10	0.6	0
129	10.6	0	0.05
130	12.8	0	0
131	17.2	-0.6	0
132	20	0.6	0
133	21.7	5.6	0
134	22.8	5	0
135	20.6	6.1	0
136	20.6	3.9	0
137	22.2	5.6	0
138	18.3	-2.8	0
139	10	-3.3	0
140	17.2	-3.3	0
141	22.8	2.2	0
142	25.6	4.4	0
143	24.4	3.9	0
144	21.1	2.2	0
145	15.6	-1.1	0
146	20.6	-0.6	0
147	23.9	3.3	0
148	23.9	6.1	0.33
149	20.6	1.7	0
150	21.1	3.3	0
151	21.1	2.8	0
152	23.3	2.2	0
153	22.8	3.3	0
154	20.6	3.3	0
155	24.4	2.2	0
156	28.3	7.2	0
157	27.8	12.2	0
158	24.4	0.6	2.49
159	10	0.6	1.07
160	15	2.8	0
161	22.8	3.9	0
162	25	7.8	0
163	16.1	5	0
164	21.1	3.3	0
165	22.2	7.2	0.48
166	22.2	5.6	0
167	25.6	11.1	0
168	24.4	8.9	0
169	21.7	6.7	0
170	20	7.2	0
171	23.9	7.8	0
172	24.4	10	0
173	23.3	7.8	0
174	22.8	9.4	0
175	17.8	5	1.27
176	16.7	1.7	0
177	24.4	3.9	0
178	25.6	10.6	0
179	25.6	11.7	0
180	29.4	11.1	0
181	29.4	11.7	0
182	31.1	11.7	0
183	28.3	15.6	0
184	29.4	12.8	0
185	27.2	12.8	0.03
186	26.7	10.6	0.38
187	31.1	11.1	0
188	25	12.2	0.1
189	26.1	8.3	0.41
190	29.4	11.1	0
191	28.3	13.3	0
192	25.6	10.6	0.1
193	25	6.7	0
194	29.4	7.8	0
195	30	7.2	0
196	28.9	10	0
197	26.7	11.1	0
198	25.6	9.4	0
199	26.1	10	0
200	27.8	11.1	0
201	26.7	10	0
202	28.9	9.4	0
203	28.9	12.8	0
204	27.2	12.8	0
205	27.8	11.1	0
206	30	12.8	0
207	29.4	11.1	0
208	29.4	10	0
209	27.8	9.4	0
210	23.3	8.9	0.03
211	20	6.1	0.05
212	23.9	6.7	0
213	28.3	8.9	0
214	30.6	11.1	0
215	28.9	11.7	0.03
216	23.9	9.4	0.56
217	23.3	8.3	0.89
218	20.6	3.3	0
219	26.7	6.1	0
220	29.4	8.9	0
221	28.9	13.3	0
222	27.8	11.1	0
223	26.7	11.1	0
224	22.8	10	0.05
225	25.6	6.7	0
226	28.3	7.8	0.25
227	30.6	10	0
228	30	12.2	0
229	31.1	10	0
230	30.6	12.2	0
231	27.8	12.2	0
232	28.9	10.6	0
233	28.9	11.7	0
234	30	10.6	0
235	25.6	12.2	0
236	23.3	9.4	0
237	23.9	11.7	0
238	27.2	8.3	0
239	28.9	8.9	0
240	27.8	12.8	0
241	28.9	9.4	0
242	31.1	10.6	0
243	32.2	13.9	0
244	32.8	15.6	0
245	33.9	15.6	0
246	35	13.9	0
247	33.3	12.2	0
248	32.8	12.2	0
249	31.7	12.8	0
250	30.6	13.9	0
251	26.1	13.3	0.51
252	15.6	9.4	2.95
253	16.1	7.2	0.2
254	13.9	1.7	0
255	17.8	1.1	0
256	17.2	3.3	0
257	12.8	1.7	0.05
258	9.4	2.8	0.64
259	15.6	0.6	0
260	-9999	-9999	0
261	21.1	3.9	0.18
262	19.4	4.4	0
263	20.6	8.3	0
264	20	5.6	0
265	19.4	8.3	0
266	20.6	5	0
267	20	4.4	0
267	19.4	3.3	0
268	18.9	8.9	0
269	14.4	-2.2	0
270	11.7	-3.3	0
271	9.4	0	0
272	2.8	-2.8	0.94
273	3.3	-2.2	0
274	12.8	-7.8	0
275	16.1	2.8	0
276	16.1	4.4	0
277	18.9	3.3	0
278	16.1	-1.1	0
279	11.7	-3.3	0
280	18.3	1.7	0
281	18.3	4.4	0
282	15.6	0	0
283	21.1	5	0
284	23.3	7.2	0
285	23.3	5	0
286	21.7	6.7	0
287	15.6	4.4	0.28
288	21.7	4.4	0
289	16.1	5	0.03
290	16.7	3.3	0
291	18.9	2.2	0
292	20	2.8	0
293	18.3	2.2	0
294	16.7	1.1	0
295	15.6	0	0
296	14.4	-1.1	0
297	13.9	2.8	0.03
298	12.2	2.8	0
299	10	1.7	0
300	8.9	-1.1	0
301	17.8	3.9	0
302	15.6	5	0
303	11.7	0	1.42
304	5.6	-1.1	0
305	7.8	0.6	0
306	7.2	-3.3	0
307	7.8	-1.1	0
308	9.4	1.1	0
309	8.3	0.6	0
310	7.8	1.1	0
311	6.1	-5	0
312	-5	-15.6	0
313	-7.2	-15.6	0
314	12.2	-7.2	0
315	4.4	-5.6	0
316	2.2	-5	0
317	2.2	-5	0
318	1.1	-11.7	0
319	2.8	-8.9	0
320	3.3	-2.8	0.13
321	8.3	-1.1	0
322	1.7	-5	0
323	4.4	-5.6	0
324	9.4	0	0
325	8.9	-6.1	0
326	6.1	-3.9	0
327	8.3	-3.3	0
328	10	-1.1	0
329	12.8	1.1	0
330	11.7	3.9	0
331	8.3	-3.3	0
332	0.6	-1.1	0
333	7.2	-3.9	0.13
334	5	-5	0
335	-2.2	-13.9	0
336	-1.1	-7.2	0.56
337	NA	NA	NA
338	-2.2	-13.3	0.13
339	-4.4	-12.8	0.15
340	-1.1	-5.6	0.51
341	0	-5.6	0
342	2.2	-2.8	0
343	4.4	1.1	0
344	3.9	0	0
345	4.4	-3.3	0
346	1.1	-3.3	0
347	1.1	-8.9	0
348	0	-5	0
349	1.1	-2.2	0.18
350	0.6	-1.7	0
351	0	-2.8	0
352	1.7	-3.9	0
353	2.8	-5	0
354	4.4	-1.7	0
355	2.2	-3.9	0
356	0	-6.7	0
357	2.8	-6.1	0
358	1.7	-6.7	0
359	3.9	-8.3	0
360	-1.1	-10.6	0
361	-1.7	-10	0
362	-3.3	-10.6	0
363	0	-5	0.38
364	-0.6	-8.3	0.46
365	-6.7	-17.8	0
