#weather for site US Sheep Experiment Station year = 1936
#DOY Tmax(C) Tmin(C) PPT(cm)
1	0	-8.3	0.33
2	2.8	-11.1	0
3	-1.7	-7.2	0.41
4	-0.6	-6.1	0
5	-2.8	-19.4	0
6	-8.3	-17.8	0
7	-8.3	-9.4	0.08
8	-2.2	-15.6	0.56
9	0.6	-8.3	0.1
10	2.8	-2.8	0.51
11	2.8	-13.9	0
12	1.7	-3.9	0
13	1.1	-12.2	0
14	3.3	-7.8	0.15
15	-2.8	-8.3	0.51
16	-1.7	-13.9	0
17	-8.9	-16.7	0
18	-6.7	-15	0.13
19	-6.7	-12.2	0
20	-5.6	-10	0
21	-1.7	-10.6	0
22	-1.1	-11.7	0
23	-3.9	-15	0
24	-6.1	-15	0
25	-1.7	-19.4	0
26	-2.8	-14.4	0.18
27	-3.3	-12.2	0
28	-8.9	-21.7	0
29	-6.1	-18.3	0
30	-3.9	-15	0
31	-5.6	-16.1	0
32	-3.9	-13.3	0
33	-9.4	-19.4	0
34	-12.8	-19.4	0
35	-8.3	-17.2	0
36	-1.7	-18.3	0
37	0	-27.2	0
38	-13.9	-29.4	0
39	-5.6	-21.7	0
40	0	-18.3	0
41	-1.1	-12.2	0
42	1.1	-7.8	0.15
43	3.9	-13.9	0
44	-5.6	-15.6	0
45	-6.7	-16.1	0
46	-7.8	-16.1	0
47	-5	-14.4	0
48	0	-17.2	0
49	-1.1	-5.6	0.08
50	0	-8.3	0
51	3.3	-10.6	0
52	3.3	0	0
53	2.2	-1.1	0
54	-0.6	-9.4	0
55	0	-8.3	0.2
56	-1.1	-10.6	0
57	-1.7	-8.3	0
58	3.3	-7.2	0
59	2.2	-5	0
60	2.8	-2.2	0
61	0.6	-2.2	0
62	5	-1.7	0
63	2.8	-6.1	0
64	5.6	-10.6	0
65	5	-8.9	0
66	4.4	-6.1	0
67	5.6	-7.2	0
68	2.2	-6.7	0
69	-0.6	-11.7	0
70	0	-10	0
71	3.3	-6.7	0
72	3.9	-8.9	0
73	3.3	-12.8	0
74	3.9	-8.3	0
75	-1.1	-11.1	0
76	3.3	-7.8	0
77	3.3	-4.4	0
78	5.6	-10	0
79	3.9	-7.2	0
80	5.6	-2.8	0
81	5.6	-6.1	0
82	3.3	-11.7	0.05
83	0.6	-10.6	0
84	2.8	-9.4	0
85	0	-8.9	0
86	5	-7.8	0
87	3.9	-3.3	0
88	0	-6.1	0
89	-5	-15	0
90	-5.6	-13.3	0.05
91	-6.7	-17.8	0
92	-3.3	-16.7	0.23
93	-0.6	-11.7	0.08
94	2.2	-4.4	0.13
95	1.1	-10.6	0
96	2.2	-8.3	0
97	3.3	-3.9	0
98	6.7	0	0
99	6.7	-6.1	0
100	8.3	-3.3	0
101	12.2	0.6	0
102	15.6	1.1	0
103	20	2.2	0
104	20	1.7	0
105	20.6	3.9	0
106	22.2	3.3	0
107	24.4	5	0
108	23.9	5.6	0
109	23.3	4.4	0
110	18.9	5	0
111	20.6	5	0
112	22.2	5.6	0
113	16.7	6.7	0.33
114	16.1	1.7	0.48
115	13.9	1.1	0
116	13.9	1.1	0
117	13.3	1.1	0
118	12.8	4.4	0.3
119	15.6	1.7	0
120	12.8	4.4	0.08
121	14.4	3.3	0.05
122	17.8	1.1	0
123	23.9	6.1	0
124	23.9	7.8	0
125	17.2	6.1	0
126	8.9	0	0.13
127	14.4	1.1	0
128	18.9	0.6	0
129	22.2	6.1	0
130	24.4	6.1	0
131	25.6	6.1	0
132	27.8	9.4	0
133	28.9	7.2	0
134	28.9	10	0
135	27.8	8.3	0
136	16.1	2.2	0
137	16.7	0.6	0
138	22.8	1.7	0
139	30.6	8.3	0
140	21.7	-0.6	0
141	14.4	-1.7	0
142	18.3	0.6	0
143	22.2	2.2	0
144	25	5	0
145	27.8	8.3	0
146	29.4	10.6	0
147	26.1	12.2	0.03
148	25	7.8	0.03
149	29.4	10.6	0
150	31.1	12.8	0
151	30	11.1	1.78
152	13.3	7.2	1.65
153	14.4	6.7	0.08
154	18.3	4.4	0.23
155	17.2	5	0.58
156	17.2	5.6	1.4
157	20	5	0.3
158	11.1	7.8	0.33
159	12.2	3.9	0.15
160	17.8	1.7	0.13
161	21.7	5	0
162	22.8	6.1	0
163	28.9	8.9	0
164	26.7	12.8	0
165	30	12.8	0
166	23.9	13.9	0
167	23.9	7.2	0
168	26.7	8.9	0
169	24.4	11.7	0
170	28.3	7.8	0
171	32.8	12.2	0
172	30	10.6	0
173	32.2	13.9	0
174	33.3	15	0
175	31.7	12.2	0.03
176	31.7	13.9	0
177	33.3	12.2	0
178	33.3	14.4	0
179	28.9	17.2	0
180	28.3	8.9	0
181	28.9	10.6	0
182	32.2	10.6	0
183	32.8	11.1	0
184	30	11.7	0
185	31.1	12.8	0
186	33.9	11.7	0
187	33.9	17.2	0
188	30.6	11.1	0
189	26.1	11.7	0.15
190	30	10	0
191	27.2	10	0
192	17.8	11.7	0.86
193	23.3	11.1	0
194	27.8	8.9	0
195	30.6	10.6	0.05
196	33.3	10.6	0.41
197	31.7	11.1	0
198	33.9	15	0
199	36.1	13.3	0
200	36.7	16.1	0
201	36.7	17.8	0
202	36.1	16.7	0
203	35	15	0
204	32.2	17.8	0
205	32.8	13.3	0.46
206	32.2	13.9	0
207	32.2	13.3	0
208	32.2	11.1	0
209	32.2	12.2	0
210	31.1	13.3	0
211	30	11.1	0.05
212	28.9	15.6	0.3
213	26.1	12.8	0
214	27.2	13.3	0
215	25.6	12.8	0.13
216	27.8	11.7	0.13
217	28.9	9.4	0
218	31.1	12.2	0
219	33.3	12.8	0
220	33.9	15	0
221	33.3	13.9	0
222	29.4	12.8	0.08
223	27.2	14.4	0.91
224	25.6	13.3	0.76
225	25	10.6	1.3
226	30.6	10	0.03
227	30	11.7	0
228	29.4	14.4	0
229	28.3	14.4	0
230	27.8	8.9	0
231	27.2	9.4	0
232	26.7	11.1	0
233	26.1	7.2	0
234	29.4	9.4	0
235	30	9.4	0
236	28.9	11.1	0
237	26.1	6.7	0
238	26.1	8.9	0
239	26.7	7.8	0
240	26.7	7.8	0
241	28.3	8.9	0
242	28.9	12.8	0
243	27.2	7.8	0
244	27.2	8.9	0
245	27.2	12.8	0.25
246	20	8.3	0
247	18.9	7.8	1.19
248	19.4	6.7	0.1
249	21.1	6.1	0
250	23.9	6.1	0
251	25.6	7.2	0
252	25	6.1	0
253	25.6	8.3	0
254	24.4	5	0
255	25.6	7.2	0
256	18.9	5.6	0
257	14.4	-1.7	0
258	12.2	-6.1	0
259	16.1	-3.3	0
260	21.1	1.1	0
261	21.1	1.7	0
262	23.3	4.4	0
263	26.1	6.7	0
264	27.8	6.1	0
265	27.8	7.2	0
266	25	10	0
267	23.3	5.6	0
268	22.2	7.8	0
269	12.8	7.2	0
270	19.4	0	0
271	21.7	4.4	0
272	21.1	3.3	0
273	21.7	2.2	0
274	21.1	2.2	0
275	21.7	3.9	0
276	20	3.3	0
277	17.2	1.1	0
278	15	4.4	0
279	15.6	0	0
280	20	1.7	0
281	23.3	2.2	0
282	23.3	8.3	0
283	22.8	9.4	0
284	22.2	5	0
285	20	6.1	0
286	18.9	6.1	0
287	17.2	3.3	0
288	13.3	1.1	0
289	15.6	1.1	0
290	17.2	1.7	0
291	18.3	2.2	0
292	16.7	6.7	0.43
293	12.8	2.2	0.08
294	10	-3.3	0
295	6.7	-3.9	0
296	6.1	-5.6	0
297	9.4	-4.4	0
298	10	2.2	0
299	9.4	-4.4	0
300	9.4	0	0
301	8.9	-7.8	0
302	11.1	-3.3	0
303	12.8	-2.8	0
304	11.1	0.6	0
305	6.7	-7.8	0.15
306	-7.8	-13.3	0
307	-7.8	-18.9	0
308	-1.1	-8.3	0
309	-1.7	-6.7	0
310	2.8	-8.3	0
311	2.2	-8.9	0
312	0.6	-10.6	0
313	2.8	-9.4	0
314	5	-8.9	0
315	4.4	-6.7	0
316	8.3	-6.1	0
317	10	-4.4	0
318	12.8	-1.7	0
319	12.8	-1.1	0
320	11.7	-1.7	0
321	11.1	0	0
322	8.3	-4.4	0
323	10	-6.7	0
324	14.4	-6.7	0
325	11.1	-4.4	0
326	10	-5	0
327	9.4	-5	0
328	9.4	-4.4	0
329	6.1	-5	0
330	7.8	-5.6	0
331	8.9	-7.8	0
332	7.2	-7.2	0
333	3.3	-8.3	0
334	1.1	-7.8	0
335	-3.3	-11.1	0
336	0	-10	0
337	-3.3	-16.1	0
338	-5	-15	0
339	-7.8	-14.4	0
340	0	-7.8	0
341	4.4	-4.4	0
342	3.3	-6.7	0
343	1.1	-8.3	0
344	-1.7	-15	0
345	-3.9	-11.7	0
346	-5	-13.3	0
347	0	-10	0
348	4.4	-7.2	0
349	3.9	-3.3	0
350	1.7	-1.1	0.33
351	0	-6.7	0
352	-2.2	-5.6	0
353	1.1	-2.2	0
354	3.9	-5.6	0
355	3.9	-1.7	0.03
356	2.2	-1.7	0
357	5.6	-5	0
358	4.4	-3.3	0
359	3.3	-4.4	0.46
360	-3.3	-8.3	0
361	-0.6	-3.9	0.91
362	-1.7	-12.2	0.74
363	-10.6	-19.4	0
364	-9.4	-16.1	0.08
365	-7.8	-15	0
366	-11.1	-17.8	0
