#weather for site US Sheep Experiment Station year = 1989
#DOY Tmax(C) Tmin(C) PPT(cm)
1	-6.7	-15.6	0.03
2	-1.1	-9.4	0.08
3	2.2	-10	0
4	-2.2	-13.3	0.25
5	-2.2	-8.9	0.58
6	-7.2	-22.2	0
7	-13.9	-22.2	0
8	-6.7	-18.9	0.13
9	0	-8.9	0.05
10	-4.4	-20.6	0
11	-8.3	-22.8	0
12	-7.8	-17.2	0.13
13	-9.4	-20.6	0
14	-6.7	-19.4	0
15	-3.9	-12.2	0.08
16	-2.8	-9.4	0
17	-2.2	-12.2	0
18	0.6	-7.2	0
19	3.3	-10	0
20	1.1	-11.1	0
21	-1.1	-10.6	0.69
22	-2.2	-11.1	0.13
23	-7.8	-19.4	0
24	-11.1	-22.2	0
25	-6.1	-21.7	0
26	-5.6	-18.9	0
27	-6.1	-20.6	0
28	-3.3	-17.8	0
29	-1.7	-13.3	0.03
30	0	-7.8	0.1
31	-3.9	-18.9	0.25
32	-18.9	-31.7	0
33	-24.4	-32.8	0.25
34	-20	-27.8	0
35	-13.3	-24.4	0
36	-13.3	-24.4	0
37	-10	-26.7	0
38	-4.4	-22.2	0
39	-0.6	-19.4	0
40	-0.6	-10	0
41	1.1	-7.2	0.08
42	-2.8	-11.7	0
43	-3.3	-12.2	0.03
44	-6.7	-18.9	0
45	-6.1	-20	0
46	-1.7	-13.3	0
47	0.6	-6.7	0
48	3.3	-3.3	0.66
49	3.3	-2.2	0.43
50	1.7	-5.6	0
51	-0.6	-7.2	0
52	2.8	-8.9	0
53	3.3	-2.2	0.28
54	6.7	-7.8	0
55	4.4	-7.2	0
56	4.4	-6.7	0
57	-1.1	-8.3	0
58	-0.6	-8.9	0
59	1.7	-7.8	0
60	1.1	-5	0.18
61	-0.6	-15	0.13
62	-1.7	-20.6	0
63	0.6	-12.8	0
64	1.7	-5.6	0.05
65	3.3	-1.1	0.05
66	4.4	0.6	0
67	7.8	1.7	0
68	12.2	-0.6	0
69	12.2	2.2	0
70	11.1	-1.1	0
71	5.6	-0.6	0.13
72	1.7	-6.7	0.18
73	1.7	-13.3	0
74	-0.6	-6.7	0
75	5.6	-6.1	0.08
76	3.9	-4.4	0
77	3.9	-5.6	0
78	3.9	-5.6	0
79	3.3	-2.8	0.2
80	5.6	-0.6	0.18
81	9.4	0.6	0.08
82	4.4	0.6	0
83	5	0	0.58
84	6.1	0.6	0.48
85	6.7	0	0.15
86	9.4	-2.2	0.05
87	5	-3.9	0
88	6.1	-3.3	0
89	3.9	-1.7	0.51
90	5.6	-6.7	0
91	7.2	-1.1	0
92	NA	NA	NA
93	6.7	-8.3	0
94	7.8	-6.7	0
95	16.1	-1.7	0
96	19.4	2.8	0
97	19.4	1.7	0
98	18.3	0.6	0
99	13.9	-6.1	0
100	7.2	-8.3	0
101	14.4	-1.1	0
102	16.1	0.6	0
103	17.2	0	0
104	18.9	2.8	0
105	18.9	2.2	0
106	16.7	2.2	0
107	21.1	0	0
108	22.2	1.1	0
109	23.9	4.4	0
110	25	3.9	0
111	25	7.2	0
112	23.3	4.4	0
113	8.3	0	0.36
114	17.8	0.6	0
115	12.2	3.3	0.13
116	11.7	-1.1	0
117	10	1.1	0
118	9.4	0	0
119	11.1	-1.7	0
120	14.4	-2.8	0
121	17.8	0	0
122	15.6	1.7	0.15
123	17.2	0.6	0
124	20	1.1	0
125	21.1	3.9	0
126	26.1	5.6	0
127	26.1	10	0
128	21.7	10	0
129	25	6.1	0
130	24.4	8.3	0.15
131	16.7	6.1	0
132	14.4	1.7	0.48
133	11.1	1.1	0.03
134	16.7	2.2	0
135	16.1	6.7	0
136	15	6.1	0.23
137	19.4	2.2	1.04
138	18.3	6.1	0.03
139	15.6	-5	0
140	18.3	-2.2	0
141	22.8	3.9	0
142	23.9	7.2	0
143	23.9	5.6	0
144	16.7	-2.8	0
145	12.8	-2.8	0
146	16.7	-1.1	0
147	21.1	2.8	0
148	20	2.8	0
149	21.7	3.3	0
150	17.8	3.9	0
151	18.9	2.2	0
152	23.3	5.6	0
153	22.8	7.2	0
154	16.7	7.8	1.04
155	21.7	5.6	1.65
156	23.9	7.2	0
157	23.9	8.3	0.03
158	25	7.2	0
159	25.6	9.4	0
160	26.1	7.2	0
161	24.4	7.2	0.08
162	23.3	6.1	0
163	21.7	10	0.1
164	24.4	6.1	0
165	25.6	8.9	0
166	30.6	11.1	0
167	29.4	11.1	0.08
168	24.4	3.9	0
169	29.4	8.3	0
170	29.4	10	0
171	27.8	5.6	0.03
172	16.7	0.6	0
173	17.8	2.8	0
174	20.6	6.1	0
175	21.1	2.8	0.08
176	22.8	6.1	0
177	26.1	6.1	0
178	27.8	9.4	0
179	27.2	8.3	0
180	29.4	8.9	0
181	29.4	11.1	0
182	30.6	8.9	0
183	29.4	6.7	0
184	32.8	7.8	0
185	34.4	10.6	0
186	32.2	11.1	0
187	32.8	10.6	0
188	35.6	11.7	0
189	33.9	12.8	0
190	30	12.8	0
191	28.9	11.1	0.3
192	30.6	11.1	0
193	29.4	13.3	0.15
194	27.8	12.2	0.03
195	32.2	11.1	0
196	31.7	7.8	0.13
197	28.3	11.1	0
198	27.8	11.1	0
199	30.6	10.6	0
200	34.4	13.3	0
201	34.4	15	0
202	33.3	14.4	0
203	31.7	13.3	0.61
204	29.4	11.1	0
205	32.2	11.1	0
206	33.9	11.1	0
207	33.9	13.9	0
208	32.2	14.4	0.13
209	32.2	11.1	0
210	33.3	12.8	0
211	33.3	16.1	0
212	34.4	19.4	0.13
213	33.3	14.4	0
214	26.7	8.9	0
215	27.8	6.7	0
216	27.8	9.4	0
217	28.9	11.1	0
218	31.7	13.9	0
219	32.8	13.3	0
220	31.1	17.2	0
221	27.2	13.3	0.41
222	28.9	11.7	0.33
223	28.9	11.1	1.45
224	30	11.7	0
225	30.6	8.9	2.31
226	26.7	10	0
227	28.3	8.3	0
228	27.8	8.3	0
229	28.9	6.1	0
230	28.9	13.3	0
231	25	8.3	0.1
232	23.3	9.4	1.45
233	21.7	6.1	0
234	27.2	8.9	0
235	24.4	8.9	0
236	14.4	5	0.61
237	15	2.2	0.1
238	21.1	1.1	0
239	23.3	5	0
240	21.1	3.3	0
241	27.2	5.6	0
242	26.7	9.4	0
243	22.8	4.4	0
244	26.1	4.4	0
245	25	6.1	0
246	22.2	4.4	0
247	22.2	2.8	0
248	27.8	5.6	0
249	23.3	6.1	0.15
250	24.4	6.7	0
251	21.1	6.7	0
252	18.3	3.3	0.76
253	16.7	0	0
254	18.9	1.1	0
255	19.4	-1.7	0
256	22.2	1.1	0
257	23.9	1.7	0
258	26.1	2.8	0
259	27.8	5.6	0
260	25.6	8.3	0.15
261	16.1	2.2	0.38
262	21.1	2.2	0
263	21.1	7.8	0
264	21.1	1.7	0
265	23.3	5	0
266	23.3	5	0
267	25	5.6	0
268	26.1	5.6	0
269	25	8.9	0
270	23.3	9.4	0.48
271	25.6	7.2	0.25
272	26.7	8.3	0
273	25.6	5	0
274	11.7	2.8	0.33
275	8.3	0	0.23
276	8.9	-1.1	0.53
277	11.1	1.1	0.51
278	12.2	-2.2	0
279	15	1.1	0
280	16.7	0	0.03
281	16.1	1.1	0
282	18.9	2.2	0
283	19.4	1.7	0
284	21.1	2.8	0
285	20	3.9	0
286	17.2	3.9	0
287	18.9	0.6	0
288	17.2	2.2	0
289	12.2	-2.8	0
290	13.3	-2.8	0
291	15	-2.2	0
292	17.8	-0.6	0
293	18.9	2.2	0
294	16.7	2.2	0
295	15.6	1.7	0.03
296	16.1	3.9	0.03
297	12.8	3.9	0.25
298	11.7	1.7	0.71
299	9.4	0.6	0
300	4.4	-2.8	0.33
301	1.7	-3.3	0.51
302	0	-5	0
302	2.8	-7.8	0
303	2.8	-5	0
304	1.7	-12.2	0
305	3.9	-10	0
306	2.8	-5.6	0
307	10.6	-4.4	0
308	5	-1.7	0
309	2.8	-5.6	0
310	8.3	-5.6	0
311	2.2	-7.8	0
312	4.4	-2.8	0
313	10	-1.7	0
314	11.1	-1.1	0
315	11.7	-1.7	0
316	11.1	-3.3	0
317	7.2	-5	0
318	3.3	-11.1	0
319	5.6	-5	0
320	7.2	-5	0
321	7.2	-3.3	0
322	8.9	-2.2	0
323	13.3	-2.8	0
324	10	-5.6	0
325	5.6	-5.6	0
326	4.4	-6.1	0
327	7.2	-2.2	0
328	-1.1	-9.4	0
329	1.1	-4.4	0.61
330	-0.6	-11.1	0
331	-5	-16.7	0
332	1.7	-13.9	0
333	1.1	-11.1	0
334	1.7	-12.8	0
335	3.3	-11.1	0
336	2.8	-7.2	0
337	2.2	-8.3	0
338	4.4	-6.7	0
339	2.8	-5.6	0
340	0.6	-11.1	0
341	3.3	-6.1	0
342	1.7	-9.4	0
343	-1.7	-12.2	0
344	-8.3	-19.4	0
345	-5.6	-15	0
346	-3.9	-13.3	0
347	-2.2	-11.7	0
348	3.3	-8.9	0
349	-1.1	-12.8	0
350	-3.3	-12.2	0.2
351	-6.7	-18.9	0
352	-8.9	-18.3	0
353	-2.8	-15	0
354	-0.6	-10.6	0
355	0	-15.6	0
356	2.2	-10.6	0
357	1.7	-11.7	0
358	1.7	-12.2	0
359	1.7	-11.7	0
360	4.4	-10.6	0
361	3.9	-7.8	0
362	-2.2	-14.4	0
363	-6.1	-11.1	0
364	-3.3	-10	0
365	-1.1	-6.1	0
