#weather for site US Sheep Experiment Station year = 1968
#DOY Tmax(C) Tmin(C) PPT(cm)
1	-8.3	-19.4	0
2	-11.7	-19.4	0
3	-9.4	-15	0
4	-5	-13.3	0
5	-7.8	-21.7	0
6	-5	-15	0
7	-4.4	-15	0
8	-1.7	-11.7	0.1
9	-1.1	-3.9	0.56
10	-1.1	-18.9	0.13
11	-11.7	-18.3	0
12	0.6	-14.4	0
13	3.9	-8.9	0
14	5	-6.1	0
15	0	-2.2	0
16	-1.7	-15.6	0
17	-5.6	-17.2	0
18	2.8	-10	0
19	1.7	-9.4	0
20	1.1	-11.7	0
21	1.7	-11.1	0
22	1.1	-9.4	0
23	3.3	-6.7	0
24	-1.1	-7.2	0.03
25	-5	-11.7	0
26	-7.2	-16.1	0.18
27	-7.8	-11.7	0.25
28	-7.2	-14.4	0
29	-2.8	-8.9	0.03
30	3.3	-10	0
31	-5.6	-12.2	0
32	-1.7	-7.8	0
33	2.2	-3.3	0.13
34	2.8	-2.8	0
35	4.4	-3.3	0
36	1.7	-5.6	0
37	3.3	-10	0
38	1.7	-7.2	0
39	2.2	-10	0
40	1.7	-8.3	0
41	3.3	-5.6	0
42	1.7	-7.8	0
43	-4.4	-13.9	0
44	-3.3	-15.6	0
45	-0.6	-12.8	0.08
46	-1.1	-15	0
47	0	-7.2	0
48	0.6	-3.9	0.15
49	1.7	-3.3	0
50	3.9	-3.3	0.03
51	1.1	-1.1	0.15
52	1.1	-5	0
53	3.9	-1.1	0.03
54	2.8	-2.2	0
55	3.3	-6.1	0
56	6.7	-7.8	0
57	5	-2.2	0
58	9.4	-2.2	0
59	7.2	-3.9	0
60	8.3	-3.9	0
61	8.9	-2.2	0
62	7.8	-4.4	0
63	7.2	-3.3	0
64	9.4	-0.6	0
65	7.2	-0.6	0
66	4.4	-0.6	0.51
67	4.4	-5	0.41
68	5	-1.1	0
69	3.9	-5	0
70	2.8	-9.4	0
71	4.4	-4.4	0
72	5.6	-0.6	0
73	4.4	-7.2	0.03
74	7.2	-3.9	0
75	9.4	-2.2	0
76	2.8	-2.2	0.58
77	2.8	-2.2	0.13
78	2.2	-3.9	0
79	4.4	-8.9	0
80	9.4	-8.9	0
81	9.4	-5.6	0
82	11.1	-1.7	0
83	11.1	-1.7	0
84	11.7	-4.4	0
85	11.1	-4.4	0
86	10	-6.1	0
87	14.4	0	0
88	18.9	-0.6	0
89	17.2	0	0
90	10	-7.2	0
91	12.2	1.1	0
92	8.3	-0.6	0
93	8.9	-6.7	0
94	10.6	-7.2	0
95	10	1.1	0
96	12.8	-3.9	0.05
97	4.4	-6.7	0
98	8.9	-8.9	0
99	10.6	-6.1	0
100	17.8	-1.7	0
101	18.3	2.8	0
102	15	-5.6	0
103	7.8	-6.7	0
104	13.9	-5.6	0
105	12.8	-0.6	0
106	6.7	-4.4	0
107	4.4	-5	0
108	10.6	-6.7	0
109	10.6	-5	0
110	2.2	-6.1	0.28
111	6.1	-5.6	0
112	7.2	-5	0
113	12.8	-7.2	0
114	11.7	0.6	0
115	10.6	-1.1	0.15
116	7.2	1.1	0
117	12.2	0	0
118	17.2	-3.3	0
119	NA	NA	NA
120	21.1	1.7	0
121	23.3	2.8	0
122	22.2	2.8	0
123	17.2	2.8	0
124	20.6	0	0
125	21.7	2.2	0
126	19.4	2.8	0
127	15.6	-3.3	0
128	10	-6.7	0
129	15.6	-1.1	0
130	20	0.6	0
131	18.3	6.1	0
132	16.7	3.9	0
133	16.7	6.1	2.13
134	8.9	3.9	0.66
135	8.9	0.6	1.32
136	7.2	1.1	0.71
137	11.1	-1.1	0
138	15.6	1.7	0
139	16.7	1.7	0
140	19.4	2.8	0
141	18.3	6.7	0.48
142	10.6	5.6	0.81
143	11.1	2.8	0.76
144	13.9	1.7	0
145	13.3	1.7	0
146	12.8	3.3	0.43
147	14.4	0.6	0.2
148	17.2	2.2	0
149	23.3	3.3	0
150	24.4	6.1	0
151	22.8	7.8	0
152	18.9	5.6	0
153	23.9	3.9	0
154	28.3	8.9	0
155	26.7	11.1	0.05
156	21.1	7.8	0
157	15.6	7.8	0.64
158	15.6	6.7	0.56
159	14.4	5.6	1.83
160	14.4	4.4	0.2
161	11.7	6.7	1.37
162	17.8	5.6	0
163	20.6	5.6	0.18
164	19.4	8.3	0.18
165	18.3	5	0
166	17.2	2.2	0
167	20.6	4.4	0
168	23.3	4.4	0
169	28.3	7.2	0
170	28.9	9.4	0
171	31.1	11.1	0
172	29.4	12.2	0
173	27.2	8.9	0
174	26.7	10	0
175	21.7	8.9	0
176	21.1	8.9	0
177	22.8	4.4	0
178	28.3	5.6	0
179	30.6	11.7	0
180	28.9	5.6	0
181	21.1	0	0.99
182	15	0	0.25
183	21.7	3.3	0
184	25	6.7	0
185	28.9	9.4	0
186	29.4	12.2	0
187	30.6	11.7	0
188	31.1	11.7	0
189	31.1	11.7	0
190	30.6	12.8	0
191	31.1	12.2	0.18
192	22.8	12.2	0.36
193	30.6	10.6	0
194	30	12.8	0
195	26.7	12.2	0
196	30	9.4	0
197	31.1	10.6	0
198	30	11.7	0
199	28.9	12.2	0
200	29.4	9.4	0
201	34.4	9.4	0
202	33.9	11.1	0
203	31.7	9.4	0
204	32.2	11.7	0
205	32.2	11.7	0
206	30.6	11.7	0
207	32.8	11.7	0
208	32.2	14.4	0
209	33.3	14.4	0
210	34.4	14.4	0
211	33.3	12.8	0.1
212	30.6	8.3	0
213	27.8	8.3	0
214	30.6	10	0
215	30	11.7	0
216	29.4	13.9	0
217	30.6	10.6	0.1
218	31.7	13.9	0
219	31.1	13.9	0
220	33.3	12.8	0
221	32.8	16.1	0
222	26.1	15	0.15
223	26.7	12.8	0.74
224	23.9	9.4	0.18
225	27.8	8.9	0.43
226	25	11.1	0
227	22.2	9.4	0.99
228	15	5	1.32
229	18.3	3.9	0
230	18.3	8.9	0.18
231	13.9	6.1	0.2
232	10.6	5.6	0.3
233	12.8	7.2	2.18
234	12.8	5.6	0.79
235	12.8	6.1	0.84
236	17.8	2.8	0
237	21.7	2.8	0
238	25.6	6.1	0
239	25.6	10	0
240	25.6	6.7	0
241	20.6	10.6	0
242	21.1	5.6	0
243	25.6	5.6	0
244	25.6	8.3	0
245	23.9	6.7	0
246	18.9	9.4	0
247	16.1	4.4	0
248	18.9	3.3	0
249	21.7	5	0
250	23.3	5	0
251	26.1	8.9	0
252	24.4	5.6	0
253	26.1	6.1	0
254	23.9	5.6	0
255	23.9	11.7	0
256	25.6	8.3	0
257	26.7	7.8	0
258	26.1	11.7	0
259	18.3	5	0
260	15.6	1.7	0
261	17.2	1.1	0
262	23.9	6.7	0
263	23.3	7.2	0.33
264	19.4	2.2	0.61
265	5.6	-0.6	0.25
266	5	-0.6	0.46
267	13.9	-0.6	0
268	17.8	0.6	0
269	20	2.2	0
270	21.7	3.9	0
271	21.1	5	0
272	18.3	5.6	0.05
273	22.2	5.6	0
274	22.2	3.9	0
275	20	3.9	0
276	17.2	2.8	0
277	19.4	0.6	0
278	20	2.2	0
279	20	1.7	0
280	15.6	1.7	0
281	7.8	-1.1	0.03
282	10	-3.9	0
283	10	-4.4	0
284	17.8	2.2	0
285	19.4	3.3	0
286	18.3	8.9	0
287	15	3.9	0
288	10.6	3.9	1.35
289	8.9	-1.1	0
290	7.2	-2.8	0
291	7.2	-6.7	0
292	9.4	-2.8	0
293	8.3	-2.8	0
294	11.1	-1.7	0
295	7.8	-3.9	0
296	8.9	-2.2	0
297	13.3	-1.1	0
298	15	-0.6	0
299	15	1.1	0
300	15.6	3.3	0
301	14.4	-2.8	0
301	16.7	0.6	0
302	17.2	2.8	0
303	15.6	1.1	1.27
304	7.2	-1.1	0
305	8.3	-1.7	0
306	7.8	-2.8	0
307	6.7	1.7	1.19
308	3.9	0	1.65
309	4.4	-4.4	0.46
310	2.2	-5	0
311	5	-5	0
312	2.2	-7.2	0.28
313	6.1	-1.7	0.36
314	5	-5	0
315	5	-2.2	0
316	3.9	-1.1	0.1
317	-1.1	-7.8	0.03
318	-2.8	-12.8	0
319	-2.2	-10	0.13
320	-1.1	-13.3	0
321	-0.6	-16.1	0
322	-1.1	-11.7	0.13
323	1.1	-2.8	0.03
324	1.1	-1.7	0.05
325	3.9	-4.4	0
326	3.3	-3.9	0
327	1.1	-8.3	0
328	4.4	-6.7	0
329	0.6	-3.9	0.13
330	-1.7	-12.2	0
331	-1.7	-6.7	0
332	-0.6	-10	0
333	-1.7	-11.7	0
334	-1.7	-6.7	0.28
335	-2.2	-9.4	0.05
336	-7.2	-15.6	0
337	-3.3	-11.1	0
338	1.7	-9.4	0.03
339	1.1	-4.4	-999.9
340	0	-11.1	0
341	1.1	-12.2	0
342	2.2	-6.7	0
343	3.9	-6.7	0
344	4.4	-3.9	0
345	1.1	-3.9	0.1
346	-3.9	-14.4	0
347	-5.6	-16.7	0
348	0	-8.3	0
349	1.1	-5	0.03
350	1.7	-4.4	0.03
351	-4.4	-12.8	0.13
352	-9.4	-17.8	0.03
353	-5.6	-11.1	0.33
354	-6.7	-12.2	0
355	-8.3	-22.8	0
356	-10	-18.9	0.03
357	-6.1	-11.7	0.03
358	-0.6	-7.2	0.03
359	0.6	-8.9	0.97
360	-1.1	-7.2	0.08
361	-6.1	-10.6	0.08
362	-1.7	-9.4	-999.9
363	-9.4	-19.4	-999.9
364	-15	-24.4	0
365	-10.6	-25	0.1
366	-5	-19.4	0
