#weather for site US Sheep Experiment Station year = 2008
#DOY Tmax(C) Tmin(C) PPT(cm)
1	-0.6	-14.4	0
2	-1.1	-11.1	0
3	1.1	-10	0
4	0	-12.2	0.84
5	-3.3	-11.7	0.51
6	-4.4	-15	0.18
7	-5	-12.2	0.28
8	-4.4	-10	0.05
9	-6.1	-11.7	0.08
10	-4.4	-10	0.05
11	-5	-12.2	0
12	-5	-11.1	0
13	-4.4	-11.7	0
14	-4.4	-7.8	0
15	-5.6	-16.7	0
16	-13.9	-17.2	0.05
17	-9.4	-16.7	0.03
18	-7.2	-15	0.03
19	-6.1	-18.9	0.51
20	-17.2	-22.2	0
21	-11.7	-23.9	0
22	-9.4	-20.6	0
23	-4.4	-20	0
24	-6.1	-12.2	0.13
25	-3.3	-15	0
26	-0.6	-9.4	1.02
27	-0.6	-17.8	0
28	-5.6	-19.4	0.33
29	-9.4	-20.6	0
30	-7.2	-15.6	0.43
31	-6.7	-12.2	0
32	-8.9	-15	0
33	-3.9	-8.9	0.43
34	-2.2	-17.8	0
35	-11.1	-16.1	0
36	-5.6	-17.2	0
37	-3.9	-13.9	0.03
38	-7.2	-15	0
39	-3.9	-13.3	0
40	0	-6.7	0
41	-1.7	-8.9	0
42	-2.2	-8.9	0
43	-2.2	-7.8	0
44	1.7	-10.6	0
45	-8.3	-14.4	0
46	-5	-13.9	0
47	-8.9	-13.3	0
48	-4.4	-16.7	0
49	-0.6	-12.8	0
50	0.6	-11.7	0
51	-1.1	-13.9	0
52	1.7	-10	0
53	-1.7	-3.9	0.76
54	0.6	-3.3	0.1
55	0	-7.2	0
56	-1.7	-11.1	0
57	0.6	-5	0
58	-0.6	-6.7	0
59	2.2	-4.4	0
60	2.8	-7.2	0
61	2.8	-11.1	0
62	-5.6	-15	0
63	-2.2	-10	0.05
64	-3.9	-12.2	0
65	-3.3	-15.6	0
66	-2.2	-15	0
67	-0.6	-11.1	0
68	1.1	-7.8	0
69	NA	NA	NA
70	3.3	-6.1	0
71	2.8	-6.1	0
72	0	-8.9	0
73	0	-7.8	0.2
74	-0.6	-8.3	0.25
75	1.1	-7.8	0
76	1.1	-9.4	0
77	-2.2	-10.6	0
78	-1.1	-6.7	0
79	1.7	-6.7	0.03
80	2.8	-7.2	0
81	1.7	-10	0
82	-1.1	-11.1	0
83	0	-13.3	0
84	2.2	-7.2	0
85	1.7	-3.9	0.13
86	1.7	-6.7	0.64
87	2.2	-10.6	0
88	-1.1	-14.4	0
89	0.6	-12.2	0
90	-0.6	-12.8	0
91	2.2	-10.6	0.13
92	-1.7	-12.8	0
93	0.6	-12.2	0
94	1.1	-9.4	0
95	2.2	-8.3	0
96	4.4	-7.8	0
97	0.6	-8.9	0.03
98	2.2	-7.8	0.76
99	0.6	-7.2	0
100	6.7	-6.1	0
101	5.6	-6.1	0
102	6.1	-4.4	0
103	6.1	-5	0
104	8.9	-1.7	0
105	18.3	1.1	0
106	8.3	-5	0.64
107	3.3	-6.7	0
108	5.6	-5.6	0
109	14.4	-2.8	0
110	12.2	1.7	0
111	4.4	-7.2	0.46
112	2.2	-12.8	0
113	11.1	-8.9	0
114	12.2	0.6	0
115	8.3	-2.8	0
116	8.3	-4.4	-999.9
117	10	-6.1	0
118	14.4	-4.4	0
119	19.4	1.7	0
120	20	2.2	0
121	6.1	-1.7	0
122	8.3	-2.8	0.25
123	11.1	-3.9	0
124	13.3	-2.8	0
125	16.7	0	0
126	20	2.2	0
127	18.3	5	0
128	14.4	2.8	0.05
129	13.3	0	0.58
130	6.1	-0.6	0
131	12.2	-3.3	0
132	18.9	2.2	0
133	10.6	0	0.2
134	15	-1.1	0
135	16.1	6.7	0
136	20	6.1	0
137	23.9	4.4	0
138	27.2	8.3	0
139	28.3	9.4	0
140	27.8	12.8	0
141	26.1	7.2	0.15
142	10	3.3	0.03
143	7.2	2.2	0.03
144	14.4	3.9	0.3
145	12.8	2.2	1.37
146	15.6	3.3	0.36
147	15	5.6	0
148	14.4	4.4	0.33
149	17.2	5	1.07
150	15.6	2.2	0.13
151	14.4	3.9	0.3
152	17.8	3.3	0
153	21.1	6.7	0
154	18.9	4.4	0.18
155	15	6.1	0
156	13.3	5.6	0.13
157	17.8	6.7	0
158	13.9	4.4	0.1
159	11.1	2.2	0
160	13.3	0	0
161	21.7	1.7	0
162	16.1	7.8	0.18
163	9.4	-1.1	0.18
164	17.2	2.2	0
165	21.1	-1.1	0
166	26.1	3.9	0
167	25.6	6.7	0
168	26.7	8.3	0
169	29.4	8.3	0
170	27.2	11.1	0
171	25	9.4	0
172	26.1	8.3	0
173	30	8.3	0
174	28.3	13.9	0
175	27.8	10	0
176	28.3	8.3	0
177	27.8	8.9	0
178	28.9	12.8	0
179	26.7	10.6	0
180	29.4	11.7	0
181	32.2	12.8	0
182	32.2	13.3	0
183	31.1	13.3	0
184	28.3	14.4	0
185	32.2	13.3	0
186	32.8	14.4	0
187	30.6	14.4	0
188	26.7	12.8	0
189	28.9	10	0.15
190	28.9	13.9	0
191	31.1	11.1	0
192	33.3	10	0
193	25.6	12.8	0
194	27.8	7.8	0
195	29.4	8.9	0
196	30	14.4	0
197	32.2	11.7	0
198	30.6	13.3	0
199	30	12.2	0
200	30	10.6	0
201	28.3	11.1	0
202	33.9	12.2	0
203	30	13.3	0
204	28.9	13.3	0
205	28.9	10	0
206	31.1	11.1	0
207	33.3	13.3	0
208	34.4	13.3	0
209	32.8	11.1	0
210	31.7	9.4	0
211	32.2	11.1	0
212	30	11.7	0
213	28.9	9.4	0
214	33.3	13.9	0
215	32.2	12.8	0
216	30.6	10	0
217	30	12.2	0
218	32.8	13.3	0
219	32.2	14.4	0
220	31.1	14.4	0.61
221	30	14.4	0
222	29.4	10	0.25
223	30	11.1	0
224	28.3	9.4	0
225	26.7	6.7	0
226	26.1	12.8	0
227	27.8	11.7	0
228	26.7	10.6	0
229	26.7	7.2	0
230	31.1	10	0
231	31.1	10.6	0
232	30	13.9	0
233	27.8	9.4	0
234	26.1	10	0
235	24.4	4.4	0
236	29.4	6.7	0
237	32.8	12.2	0
238	33.3	14.4	0
239	31.7	11.7	0
240	25	4.4	0
241	25.6	6.1	0
242	27.2	8.9	0
243	30	10.6	0
244	26.1	9.4	0
245	22.2	5	0.41
246	15.6	0	0.03
247	19.4	7.8	0
248	17.8	6.1	0
249	17.8	3.3	0
250	21.7	7.2	0
251	20	8.3	0
252	22.2	4.4	0
253	27.2	5.6	0
254	26.1	7.2	0
255	20.6	5.6	0
256	22.2	2.2	0
257	23.3	5	0
258	24.4	5.6	0
259	26.7	6.7	0
260	27.8	6.1	0
261	27.2	8.3	0
262	26.7	8.3	0
263	26.7	7.8	0
264	25	8.3	0.84
265	15	5	0.08
266	15.6	2.2	0
267	15	-1.7	0
268	21.1	3.9	0
269	23.3	6.1	0
270	22.2	4.4	0
271	24.4	5	0
272	23.9	5.6	0
273	25.6	6.7	0
274	27.2	7.2	0
275	26.1	8.3	0
276	25.6	7.2	0
277	24.4	6.1	0.03
278	17.2	7.2	0.48
279	13.3	5	0
280	14.4	-1.1	0
281	19.4	1.1	0
282	17.2	2.2	0
283	11.1	-2.2	0
284	-9999	-9999	0
285	-9999	-9999	0
286	-9999	-9999	0
287	-9999	-9999	0
288	-9999	-9999	0
289	-9999	-9999	0
290	-9999	-9999	0
291	-9999	-9999	0
292	-9999	-9999	0
293	-9999	-9999	0
294	-9999	-9999	0
295	-9999	-9999	0
296	-9999	-9999	0
297	-9999	-9999	0
298	-9999	-9999	0
299	-9999	-9999	0
300	-9999	-9999	0
301	-9999	-9999	0
302	-9999	-9999	0
303	-9999	-9999	0
304	-9999	-9999	0
305	-9999	-9999	0
306	15	3.3	0
307	10	6.1	1.6
307	6.7	1.1	0.25
308	4.4	1.1	0.97
309	3.3	-6.1	0.03
310	1.1	-10	0
311	2.2	-2.8	0
312	4.4	-1.1	0
313	8.9	0.6	0
314	7.2	1.7	0.15
315	2.2	-0.6	0.05
316	2.8	-1.1	0
317	12.8	0	0
318	7.8	-6.1	0
319	4.4	-6.1	0
320	6.7	-4.4	0
321	11.1	-2.8	0
322	11.7	0	0
323	11.1	-1.7	0
324	10.6	-0.6	0
325	4.4	-6.7	0
326	2.8	-6.7	0
327	2.8	-6.7	0
328	4.4	-8.3	0
329	7.2	-6.7	0
330	8.3	-3.3	0
331	9.4	-2.8	0
332	3.3	-5	0
333	5.6	-3.9	0
334	10	-2.2	0
335	5.6	-3.3	0
336	3.9	-0.6	0
337	1.7	-5	0
338	-2.2	-8.9	0
339	-3.9	-11.1	0
340	0.6	-6.1	0
341	3.3	-6.1	0
342	1.1	-4.4	0.03
343	-2.8	-11.7	0
344	1.1	-6.1	0
345	1.1	-10	0
346	1.1	-10.6	0
347	-1.7	-14.4	0.28
348	-14.4	-24.4	0
349	-12.2	-20	0.1
350	-5	-18.9	0.08
351	-11.1	-15	0.08
352	-7.2	-15.6	0
353	-6.7	-14.4	0.38
354	-12.8	-23.9	0
355	-8.9	-20	0.1
356	-2.8	-8.9	0.79
357	-6.1	-15	0.08
358	-8.9	-17.8	0
359	-2.2	-10.6	1.6
360	-2.8	-21.7	0
361	-8.9	-19.4	0.03
362	-5.6	-12.2	0.15
363	2.2	-5.6	0.15
364	-0.6	-11.7	0
365	-4.4	-10	0
366	-3.3	-11.7	0
