#weather for site US Sheep Experiment Station year = 2010
#DOY Tmax(C) Tmin(C) PPT(cm)
1	-1.7	-5	0.05
2	-2.8	-5	0
3	-1.7	-5.6	0
4	-2.2	-5	0
5	-3.3	-12.2	0
6	-5.6	-18.9	0
7	-4.4	-19.4	0
8	-1.7	-12.8	0
9	0	-5	0
10	3.9	-7.8	0
11	1.7	-8.9	0
12	2.8	-2.8	0
13	1.7	-5.6	0.13
14	-1.7	-3.9	0
15	1.7	-8.3	0
16	3.3	-5.6	0
17	-0.6	-3.3	0.15
18	1.1	-1.1	0.36
19	-0.6	-5.6	0.05
20	-0.6	-5.6	0.33
21	-0.6	-4.4	0.41
22	-2.2	-5.6	0
23	-5	-11.7	0
24	-4.4	-8.3	0.13
25	-2.8	-5	0.08
26	-0.6	-4.4	0.05
27	-1.1	-9.4	0
28	-0.6	-12.2	0
29	-0.6	-10	0
30	-1.1	-7.8	0.33
31	-3.9	-8.3	0
32	-1.1	-6.7	0
33	1.1	-6.1	0
34	-1.7	-4.4	0.18
35	0	-6.1	0.25
36	1.1	-2.8	0
37	-0.6	-8.9	0
38	-2.2	-12.8	0
39	-4.4	-16.7	0
40	-4.4	-11.7	0.05
41	-3.3	-12.8	0
42	-3.3	-6.1	0.15
43	-4.4	-7.8	0
44	-2.2	-16.1	0
45	1.7	-4.4	0.03
46	0	-5	0
47	-1.1	-5.6	0
48	-1.1	-8.3	0
49	-2.2	-10	0
50	-5	-11.7	0
51	-6.1	-12.2	0
52	-5.6	-16.7	0
53	-5	-16.1	0
54	-3.3	-11.7	0.18
55	-1.1	-7.2	0
56	0	-5.6	0
57	3.3	-4.4	0
58	3.3	-5.6	0
59	0.6	-6.1	0
60	3.3	-11.1	0
61	2.2	-0.6	0.28
62	4.4	-3.9	0
63	5	0.6	0
64	4.4	-2.8	0
65	7.8	-2.2	0
66	7.2	2.2	0
67	5	0	0.05
68	2.8	-3.3	0.08
69	3.3	-7.2	0
70	3.9	-3.9	0
71	5.6	-1.1	0.18
72	7.8	1.7	0
73	NA	NA	NA
74	8.3	-1.1	0
75	10	1.1	0
76	11.1	2.2	0
77	7.8	2.8	0
78	7.2	1.1	0
79	8.3	-0.6	0
80	8.3	2.8	0
81	11.7	4.4	0
82	10.6	-9999	0
83	11.1	0.6	0
84	11.1	2.8	0
85	8.3	1.1	0
86	11.1	1.1	0
87	13.3	-0.6	0
88	13.3	4.4	0
89	12.2	5.6	0.13
90	8.9	-2.2	0
91	7.8	0.6	0
92	7.2	-2.8	0
93	5.6	-1.7	0.81
94	6.7	-2.2	0.1
95	8.3	1.7	0.18
96	8.9	3.3	0.08
97	10.6	-1.7	0
98	15	2.8	0
99	13.9	0	0
100	12.2	-1.7	0
101	16.7	5.6	0
102	18.9	8.3	0
103	17.2	3.9	0.89
104	13.9	-1.1	0
105	16.7	2.8	0
106	21.1	5	0
107	21.1	7.2	0
108	20.6	3.3	0
109	23.3	4.4	0
110	25.6	6.7	0
111	25.6	14.4	0.03
112	18.3	7.8	1.02
113	16.7	3.9	1.07
114	16.7	2.2	0
115	13.9	2.8	0
116	14.4	-1.1	0
117	17.8	5	0
118	15.6	3.3	0.64
119	6.7	-1.7	0.03
120	11.1	0.6	0.03
121	10.6	-1.1	0
122	13.3	1.1	0
123	15.6	3.3	0
124	13.9	-1.7	0
125	11.1	-2.2	0
126	11.1	-2.2	0.13
127	10	-4.4	0
128	15.6	-1.1	0
129	15.6	1.1	0
130	15	4.4	0.03
131	12.2	3.9	0
132	13.9	5	0.03
133	17.2	1.7	0
134	17.8	-0.6	0
135	21.1	1.1	0
136	21.1	4.4	0
137	23.3	5	0
138	21.1	7.8	0.03
139	16.1	6.1	0.1
140	16.1	4.4	0.03
141	15.6	-2.8	0
142	12.8	1.7	0
143	11.7	-1.7	0
144	8.9	1.7	0.99
145	15	0.6	0.86
146	18.9	5	0
147	17.2	8.9	0.48
148	16.7	7.8	0.46
149	15.6	7.2	0.64
150	17.8	7.2	0.41
151	18.9	8.9	0
152	20	10.6	0.08
153	20	12.8	0.03
154	20	12.2	0
155	21.1	11.7	0
156	21.7	11.7	0
157	17.2	12.2	0.66
158	17.8	12.2	1.24
159	20.6	7.2	0.41
160	23.3	12.2	0
161	21.1	10	0
162	19.4	7.8	0
163	18.3	9.4	0
164	22.2	8.9	0
165	23.9	7.2	0
166	23.9	11.1	0
167	22.8	10	1.14
168	15.6	3.9	0.15
169	20	2.8	0
170	25.6	10	0
171	23.9	10.6	0
172	23.9	6.7	0.08
173	22.8	5.6	0
174	26.1	8.3	0
175	29.4	10.6	0
176	28.9	14.4	0
177	26.1	12.2	0.41
178	26.7	10.6	0
179	30.6	11.1	0
180	30.6	13.3	0
181	30	13.9	0.33
182	31.1	13.9	0.08
183	30	13.3	0
184	25.6	7.8	0
185	24.4	7.2	0
186	25	7.8	0
187	21.7	8.3	0
188	25	7.8	0
189	28.9	10.6	0
190	28.9	11.1	0
191	27.2	11.1	-999.9
192	25	9.4	-999.9
193	31.1	11.1	0
194	31.1	7.8	0
195	26.7	6.7	0
196	28.3	7.2	0
197	35.6	10	0
198	35.6	13.3	0
199	33.9	12.2	0
200	31.7	12.8	0
201	29.4	11.7	0
202	27.8	11.1	0
203	28.9	12.2	0
204	29.4	9.4	0
205	29.4	10	0
206	32.2	11.1	0
207	31.7	13.9	0
208	29.4	12.2	0
209	31.1	12.8	0
210	30.6	11.1	0.13
211	31.1	11.1	0
212	31.1	12.2	0.3
213	31.1	12.8	0
214	31.1	12.2	0
215	30.6	14.4	0
216	32.2	13.3	0
217	32.2	12.8	0
218	31.1	12.8	0.51
219	30.6	11.7	0
220	28.3	9.4	0
221	22.2	13.3	0.64
222	27.2	9.4	0
223	27.8	14.4	0
224	25.6	10.6	0
225	22.2	10	0
226	24.4	7.2	0
227	28.3	11.1	0
228	31.1	13.9	0
229	31.1	10	0
230	30.6	11.1	0
231	30	8.9	0
232	30	8.9	0
233	32.2	13.9	0
234	27.8	13.3	0.64
235	20.6	6.1	0.05
236	25.6	4.4	0
237	30	7.8	0
238	33.9	10	0
239	32.8	16.7	0
240	26.7	8.3	0
241	21.1	4.4	0
242	20	6.7	0.58
243	18.3	3.3	0
244	22.8	7.2	0
245	22.2	3.9	0
246	27.2	5.6	0
247	30.6	9.4	0
248	30	9.4	0
249	16.1	0	0
250	23.9	2.2	0
251	22.8	13.3	0.08
252	16.7	6.1	0.48
253	15.6	4.4	0.13
254	20.6	1.7	0
255	23.9	3.3	0
256	27.2	7.8	0
257	26.1	10.6	0
258	23.3	6.7	0
259	27.2	7.2	0
260	26.7	9.4	0
261	27.8	9.4	0
262	27.8	9.4	0
263	27.2	5	0
264	21.7	2.8	0
265	23.3	8.9	0
266	22.2	3.9	0.18
267	23.3	3.9	0
268	24.4	5	0
269	28.3	7.8	0
270	27.8	9.4	0
271	27.8	10	0
272	27.8	7.8	0
273	26.7	7.8	0
274	28.3	10	0
275	28.9	9.4	0
276	28.9	8.3	0
277	26.7	10.6	0.1
278	20	10	0.41
279	23.9	7.8	0
280	20	5.6	0
281	15	3.9	1.91
282	16.1	7.8	0.36
283	18.3	8.3	0
284	21.1	8.3	0.1
285	16.7	3.3	0
286	18.3	3.9	0
287	20.6	6.1	0
288	20.6	6.7	0
289	18.3	6.1	0.03
290	18.9	7.2	0
291	18.3	6.1	0
292	17.2	3.3	0
293	19.4	2.8	0
294	20	4.4	0
295	18.9	3.9	0
296	13.9	2.2	0
297	10.6	3.9	0.25
298	10	-0.6	0.05
299	7.2	-2.2	0.05
300	6.1	-4.4	0
301	10.6	-2.2	0
302	13.3	0.6	0
303	12.2	1.1	0
304	11.7	4.4	0.15
305	10	-1.1	0
306	13.3	1.1	0
307	17.8	0.6	0
308	17.2	1.1	0
309	16.7	2.2	0
310	16.7	4.4	0
311	15	3.3	0
311	11.1	1.1	1.93
312	2.8	-0.6	0.18
313	2.2	-2.8	0
314	1.7	-2.8	0
315	2.2	-0.6	0
316	3.3	-4.4	0
317	1.1	-1.1	0.05
318	10	0	0.08
319	8.9	1.1	0.03
320	5.6	-1.7	0
321	10.6	0.6	0
322	7.8	0.6	0.15
323	3.9	1.1	1.27
324	1.7	-4.4	0
325	0	-2.8	0.46
326	1.1	-4.4	0.18
327	-4.4	-13.3	0
328	-8.9	-14.4	0
329	-3.3	-8.9	0
330	1.1	-3.9	0
331	1.1	-2.2	0
332	-0.6	-6.1	0
333	-4.4	-8.9	0
334	-2.2	-5.6	0
335	1.7	-2.8	2.03
336	4.4	-2.2	0
337	1.7	-5	0
338	5	-5.6	0
339	4.4	0	0.46
340	2.8	-2.2	0
341	1.7	0	0
342	2.2	0	0
343	5.6	-2.8	0.3
344	-2.2	-8.3	0
345	1.1	-2.2	0.18
346	5	1.1	0
347	3.3	1.1	0
348	2.2	-7.8	0.1
349	-2.8	-8.9	0
350	-2.8	-11.1	0
351	1.1	-7.8	0
352	1.7	-2.2	0.2
353	1.7	-7.8	0.56
354	-0.6	-7.2	0
355	2.8	-2.8	0
356	3.3	-2.8	0.03
357	3.3	-0.6	0
358	5.6	-5	0
359	1.1	-3.9	0
360	-0.6	-4.4	0
361	-1.7	-5.6	0.08
362	1.1	-2.8	0.99
363	-2.8	-9.4	0.25
364	-7.2	-13.9	0
365	-10	-15.6	0.05
