#weather for site US Sheep Experiment Station year = 1977
#DOY Tmax(C) Tmin(C) PPT(cm)
1	-7.2	-18.9	0
2	0	-8.3	1.32
3	-1.1	-12.2	0.28
4	-8.9	-15.6	0
5	-11.7	-16.7	0
6	-10	-17.8	0.18
7	-8.9	-18.9	0
8	-12.8	-25	0
9	-6.7	-19.4	0
10	-7.8	-21.7	0
11	-3.9	-13.9	0
12	-3.3	-12.8	0.03
13	-6.7	-11.7	0
14	-5.6	-11.7	0
15	-2.8	-11.1	0
16	-1.1	-8.3	0
17	1.1	-6.7	0
18	-1.1	-7.2	0
19	4.4	-7.8	0
20	5	-8.3	0
21	4.4	-3.3	0
22	1.1	-14.4	0
23	-5	-13.9	0
24	-6.1	-16.1	0
25	-8.3	-16.7	0
26	-9.4	-17.2	0
27	-6.7	-17.8	0
28	-2.8	-15.6	0
29	-3.3	-16.1	0
30	0	-12.2	0
31	-1.7	-13.3	0
32	-3.9	-17.2	0
33	0	-15.6	0
34	2.2	-10.6	0
35	0	-12.2	0
36	1.1	-11.7	0
37	1.7	-11.7	0
38	3.3	-9.4	0
39	3.9	-9.4	0
40	1.1	-9.4	0
41	1.1	-7.2	0
42	2.2	-8.9	0
43	3.9	-7.8	0
44	3.3	-6.7	0
45	2.2	-8.9	0
46	3.9	-5	0
47	3.3	-6.7	0
48	5	-5	0
49	6.1	-6.1	0
50	8.9	-5	0
51	5.6	-3.9	0
52	2.8	-11.1	0.53
53	0	-9.4	0
54	0	-11.1	0
55	-2.2	-12.2	0
56	-1.7	-7.8	0
57	-2.2	-12.8	0
58	1.7	-7.2	0
59	1.1	-5.6	0.23
60	1.7	-8.9	0.05
61	0.6	-10	0
62	2.2	-8.9	0
63	1.7	-9.4	0
64	2.2	-7.2	0
65	7.8	-4.4	0
66	10	0	0
67	6.1	-1.1	0
68	1.7	-3.9	0.13
69	5	-7.2	0
70	3.9	-7.2	0
71	2.8	-4.4	0.33
72	1.1	-10	0.28
73	1.7	-13.3	0
74	4.4	-8.9	0
75	2.2	-6.1	0
76	-0.6	-12.2	0.61
77	3.3	-9.4	0
78	-1.1	-11.1	0.1
79	4.4	-10	0
80	8.9	-6.1	0
81	14.4	-1.1	0
82	11.1	-2.8	0
83	5.6	-2.8	0
84	5	-5	0
85	10	-1.1	0
86	-1.1	-8.9	0
87	-1.7	-6.7	0
88	3.9	-6.7	0
89	5.6	-6.7	0
90	5.6	-5	0
91	3.9	-5.6	0
92	9.4	-7.2	0
93	11.1	-2.8	0
94	15.6	0.6	0
95	18.3	-0.6	0
96	20	1.1	0
97	23.3	3.3	0
98	21.1	1.1	0
99	14.4	1.1	0.05
100	15	-1.7	0
101	13.9	1.7	0
102	15	-1.7	0
103	12.8	-1.1	0.51
104	14.4	-3.9	0
105	20.6	0.6	0
106	20	2.2	0
107	11.1	-2.8	0
108	10.6	-1.1	0
109	13.3	-5.6	0
110	18.3	1.1	0
111	21.1	2.2	0
112	23.9	5.6	0
113	25.6	6.1	0
114	NA	NA	NA
115	26.1	6.7	0
116	23.9	7.2	0
117	21.7	2.2	0
118	21.1	5.6	0
119	22.2	4.4	0
120	23.3	6.7	0
121	21.7	7.8	0
122	17.2	3.3	0.2
123	16.7	3.9	0.1
124	11.1	-0.6	0.33
125	7.8	-5	0
126	7.2	1.7	0.43
127	13.9	3.9	0.84
128	15	3.9	0.18
129	22.2	5	0
130	20.6	3.9	0.69
131	12.2	-0.6	0.36
132	21.7	1.1	0
133	22.8	5	0
134	21.7	9.4	0
135	13.9	1.7	0.71
136	13.3	1.7	0.89
137	6.7	0	1.19
138	7.8	-1.1	0
139	8.9	0.6	0.43
140	11.7	0	0.74
141	15	1.1	0
142	13.3	3.3	0.1
143	17.8	7.2	0
144	12.2	6.7	0.53
145	9.4	5.6	0.66
146	12.2	2.8	0.25
147	13.3	2.8	0.38
148	13.9	-1.7	0
149	14.4	-1.1	0
150	17.8	-1.1	0
151	25.6	4.4	0
152	28.9	7.2	0
153	25	8.3	0
154	25	6.7	0
155	29.4	11.1	0
156	31.1	13.3	0
157	31.7	14.4	0
158	30.6	12.8	0.61
159	27.2	12.2	0.08
160	22.8	13.9	0
161	17.2	8.9	2.97
162	19.4	8.3	0
163	20.6	5.6	0
164	24.4	8.9	0.1
165	25	10	0.53
166	22.2	7.2	0.05
167	23.3	7.2	0
168	22.2	6.7	0.03
169	23.9	10.6	0
170	26.1	11.1	0
171	23.3	11.1	0.38
172	21.1	8.9	0.05
173	25.6	8.9	0
174	27.8	11.7	0.03
175	30	14.4	0
176	30.6	10.6	0
177	31.7	13.3	0
178	30.6	15	0
179	28.3	11.7	0
180	28.9	8.9	0
181	25.6	7.8	0
182	28.3	8.9	0
183	27.8	16.7	0
184	25.6	14.4	0.38
185	26.1	11.1	0.38
186	23.3	9.4	0.86
187	25	8.9	0
188	23.3	6.7	0
189	28.9	9.4	0
190	30.6	10.6	0
191	28.9	9.4	0
192	25.6	10	0
193	32.2	10	0
194	31.7	15	0
195	27.2	9.4	0
196	32.2	9.4	0
197	35.6	13.3	0
198	35	11.7	0
199	32.8	13.9	0
200	32.2	13.9	0
201	32.2	13.3	0
202	30.6	12.8	2.06
203	30	12.2	0.79
204	30	15.6	0
205	28.3	16.7	0.76
206	23.9	12.8	3.63
207	26.7	11.7	0.46
208	26.7	12.2	0
209	29.4	11.1	0
210	30	11.1	0
211	28.9	11.7	0
212	26.7	12.2	0
213	30	12.8	0
214	31.1	13.3	0
215	28.9	14.4	0.53
216	28.3	11.7	0
217	26.1	11.1	0
218	22.8	8.3	0.18
219	26.7	12.2	0.15
220	24.4	8.3	0.43
221	26.1	8.3	0
222	26.1	11.7	0
223	26.7	9.4	0
224	30	10	0
225	31.7	12.8	0
226	31.7	12.2	0
227	30	12.2	0
228	31.1	11.1	0
229	32.2	13.9	0
230	31.1	14.4	0
231	31.7	11.1	0
232	31.1	12.2	0
233	30	12.2	0.05
234	26.1	9.4	0
235	29.4	11.7	0
236	28.9	11.7	0
237	23.9	9.4	0
238	15	7.8	0.91
239	16.1	1.7	0
240	20.6	2.8	0
241	23.3	9.4	0
242	23.3	7.8	0.33
243	16.1	1.1	0
244	21.1	5	0
245	27.8	5	0
246	30	7.8	0
247	29.4	8.3	0
248	32.2	9.4	0
249	31.7	10	0
250	31.1	10	0
251	30	8.9	0
252	22.8	2.8	0
253	26.7	3.9	0
254	27.8	7.8	0
255	23.9	8.3	0
256	25.6	5	0
257	25	5.6	0
258	23.3	7.2	3.35
259	17.2	5.6	0.41
260	15	3.9	0.33
261	16.1	1.1	0
262	20	6.1	0
263	17.8	3.9	0
264	12.8	2.2	0.1
265	10	1.7	0
266	10.6	0	0.2
267	15.6	3.9	0.13
268	16.1	2.8	0
269	20	3.3	0
270	21.7	2.8	0
271	22.2	7.2	0
272	20.6	9.4	0.1
273	9.4	0.6	0.79
274	10	-2.8	0
275	15	-2.2	0
276	16.7	0.6	0
277	16.7	1.1	0
278	18.3	0	0
279	16.1	4.4	0
280	13.3	1.1	0
281	10.6	-3.9	0
282	12.2	0	0
283	9.4	-2.8	0
284	11.1	-6.7	0
285	15.6	-1.1	0
286	13.9	0.6	0
287	18.3	2.8	0
288	20	1.7	0
289	19.4	3.3	0
290	18.9	1.7	0
291	18.9	0.6	0
292	20	0.6	0
293	18.9	5	0
294	17.8	1.7	0
295	16.1	0	0
296	15.6	0.6	0
297	16.7	1.7	0
298	20	2.8	0
299	17.8	3.3	0
300	18.3	1.7	0
301	17.8	3.9	0
302	15.6	3.9	0
303	7.2	-1.7	0
303	4.4	-6.7	0.38
304	3.3	-7.2	0
305	11.7	-2.8	0
306	11.7	-6.1	0
307	10	0.6	0
308	12.8	0.6	0
309	6.1	0	1.04
310	3.9	-3.9	0
311	0.6	-9.4	0
312	-0.6	-11.7	0
313	5.6	-6.7	0
314	12.2	-3.3	0
315	10.6	-2.2	0
316	10.6	-0.6	0
317	6.1	-4.4	0
318	8.3	-4.4	0
319	6.7	-4.4	0
320	0.6	-9.4	0
321	-1.7	-14.4	0
322	-6.1	-13.3	0
323	-12.2	-21.7	0
324	-6.7	-20	0.18
325	1.7	-11.7	0.18
326	1.1	-9.4	0
327	-0.6	-5	0
328	0.6	-2.8	0
329	7.2	-1.1	0
330	1.7	-4.4	0
331	2.8	-6.7	0
332	1.1	-2.8	0.03
333	1.1	-7.8	0
334	-3.3	-10	0.15
335	2.2	-5.6	0
336	7.2	-6.1	0
337	0	-6.7	0
338	0	-10	0
339	1.7	-8.3	0
340	6.1	-6.7	0
341	-2.8	-15	0
342	-0.6	-13.9	0
343	2.2	-8.9	0
344	2.2	-4.4	0
345	1.7	-4.4	0.08
346	0	-3.9	0.66
347	2.8	0	0.25
348	4.4	0	0.99
349	1.7	-6.7	0
350	-2.2	-10.6	0
351	-2.8	-6.7	0.94
352	-5.6	-17.8	0
353	-11.1	-21.1	0
354	-4.4	-16.7	0
355	-4.4	-10	0
356	-1.1	-6.1	0.08
357	0	-5.6	0
358	-4.4	-11.1	0
359	-5	-6.7	0
360	-1.7	-9.4	0
361	-1.7	-11.7	0
362	1.1	-8.3	0
363	-1.1	-3.3	0.69
364	-3.3	-11.1	0
365	-8.3	-20.6	0
