#weather for site US Sheep Experiment Station year = 2001
#DOY Tmax(C) Tmin(C) PPT(cm)
1	-5	-17.2	0
2	3.3	-10.6	0
3	2.2	-10	0
4	3.3	-11.1	0
5	0	-12.2	0
6	1.1	-13.9	0
7	4.4	-13.3	0
8	1.1	-8.9	0
9	0.6	-4.4	0.13
10	1.7	-6.7	0
11	2.8	-3.3	0.3
12	-1.1	-6.7	0
13	-4.4	-7.8	0.1
14	-2.8	-13.3	0.03
15	-3.9	-12.2	0
16	-10	-21.7	0
17	-7.8	-15.6	0
18	-3.3	-12.2	0
19	-5	-15	0.61
20	2.8	-11.1	0
21	3.3	-7.8	0
22	3.3	-8.3	0
23	5.6	-11.1	0
24	0.6	-4.4	0.08
25	0	-6.1	0.1
26	-1.7	-11.1	0
27	-5.6	-23.9	0
28	-7.2	-20	0
29	-9.4	-20	0
30	-9.4	-18.9	0
31	-6.1	-16.1	0
32	-0.6	-8.9	0.08
33	-1.7	-11.1	0
34	-1.7	-7.2	0
35	1.1	-5.6	0.03
36	0	-7.8	0
37	-1.7	-12.2	0
38	-8.3	-21.7	0
39	-8.3	-20.6	0
40	-1.7	-11.1	0.08
41	-2.8	-11.1	0.18
42	0	-10	0.1
43	0	-10.6	0
44	-2.2	-15	0
45	-5	-11.7	0.1
46	1.1	-10	0
47	2.8	-9.4	0
48	3.9	-7.8	0
49	4.4	-9.4	0
50	3.9	-3.9	0.28
51	3.3	-4.4	0
52	2.8	-3.9	0.08
53	5	-5	0
54	1.7	-7.8	0
55	-1.1	-7.8	0
56	0	-11.7	0
57	-2.8	-11.7	0
58	2.8	-15	0
59	-1.1	-14.4	0
60	0	-12.2	0.03
61	1.1	-6.7	0.03
62	3.9	-10.6	0
63	7.2	-2.2	0
64	10	-3.9	0
65	11.1	-3.3	0
66	8.9	-6.7	0
67	5	-3.3	0
68	5.6	-2.2	0.18
69	5	-5	0
70	2.2	-3.3	0
71	3.9	-6.1	0
72	5.6	-3.9	0.03
73	3.3	-9.4	0
74	6.1	-4.4	0
75	4.4	-7.2	0
76	6.7	-5	0
77	8.3	0	0
78	10	1.7	0
79	11.7	1.1	0
80	13.9	-3.3	0
81	16.7	-1.7	0
82	16.7	0	0
83	23.3	1.1	0.51
84	10	1.1	0
85	7.8	-4.4	0.08
86	12.8	-1.1	0.36
87	12.2	0	0
88	12.2	-3.9	0
89	10	-6.7	0
90	13.9	-2.2	0
91	NA	NA	NA
92	10.6	0	0.3
93	6.7	-5.6	0
94	8.9	-2.2	0
95	12.2	-3.9	0
96	11.7	-3.9	0
97	10.6	-1.1	0.76
98	3.3	-3.9	0.41
99	4.4	-6.7	0
100	6.7	-7.8	0
101	6.7	-3.9	0
102	5	-2.2	0.38
103	3.3	-6.7	0.25
104	6.7	-2.8	0
105	11.7	-6.7	0
106	16.7	-1.7	0
107	21.7	2.2	0
108	20.6	3.9	0
109	20	3.3	0.23
110	11.1	1.1	0.2
111	11.1	-0.6	0.13
112	11.1	-1.1	0
113	14.4	-2.2	0
114	18.3	0.6	0
115	21.1	1.1	0
116	23.3	3.3	0
117	25.6	4.4	0
118	23.3	6.7	0
119	22.2	0.6	0
120	19.4	1.1	0
121	18.9	0.6	0
122	10.6	-5	0
123	13.9	-1.7	0
124	18.3	-2.2	0
125	21.1	-2.2	0
126	17.8	-3.3	0
127	19.4	-1.1	0
128	23.9	1.7	0
129	24.4	5	0
130	21.7	2.8	0
131	23.9	2.2	0
132	29.4	5	0
133	27.8	8.3	0
134	24.4	6.7	0
135	22.2	9.4	0.03
136	22.2	7.2	0
137	21.7	1.7	0
138	23.9	3.9	0
139	23.3	2.2	0
140	14.4	5	0
141	19.4	-2.2	0
142	25.6	6.1	0
143	29.4	6.7	0
144	30.6	10.6	0
145	29.4	10.6	0.1
146	27.8	8.9	0
147	26.7	9.4	0.18
148	26.7	7.2	0
149	25	5.6	0
150	22.2	3.9	0
151	26.1	7.2	0
152	27.8	7.2	0
153	28.9	7.8	0
154	26.7	3.3	0.36
155	11.1	-0.6	0.38
156	15.6	0	0.05
157	20	2.8	0
158	25.6	5	0
159	29.4	8.3	0
160	30	11.1	0
161	29.4	8.3	0
162	26.7	7.2	0
163	20	6.7	0.03
164	10.6	-0.6	1.6
165	17.8	0	0
166	22.2	6.1	0
167	27.2	5.6	0
168	28.3	10	0
169	26.7	6.7	0
170	23.9	5.6	0
171	27.8	8.9	0
172	30.6	10	0
173	35	10	0
174	33.3	12.8	0
175	30.6	13.9	0
176	26.7	12.8	0
177	23.9	12.2	0
178	29.4	10	0.1
179	30	12.2	0
180	32.2	12.8	0
181	33.3	14.4	0
182	36.7	15.6	0
183	33.9	14.4	0
184	35.6	16.1	0
185	35	15	0
186	34.4	16.7	0
187	33.3	13.9	0.03
188	30.6	12.2	0
189	29.4	14.4	0.25
190	28.9	12.2	0.2
191	27.8	13.9	0.43
192	29.4	11.1	0
193	30	10.6	0.76
194	30	13.9	0.18
195	28.9	11.7	0
196	27.8	12.8	0.43
197	28.9	7.8	0
198	25.6	10	0.03
199	27.2	10	0
200	28.3	10	0
201	30	13.9	0
202	30.6	12.2	0
203	30	12.2	0
204	30.6	12.2	0
205	30.6	11.1	0
206	31.1	13.3	0
207	31.1	13.9	0
208	32.8	12.8	0
209	32.8	12.2	0
210	30	12.8	0
211	29.4	12.8	0
212	25	8.3	0
213	30	5.6	0
214	35	12.2	0
215	34.4	12.8	0.03
216	32.8	12.8	0
217	33.3	12.2	0
218	36.1	13.3	0
219	36.1	15	0
220	35.6	17.8	0
221	33.3	13.3	0
222	28.9	10.6	0
223	30.6	13.9	0
224	33.3	12.8	0
225	31.7	15	0
226	31.1	11.1	0.1
227	28.9	11.7	0
228	30.6	8.9	0.71
229	33.3	12.2	0
230	34.4	14.4	0
231	31.1	9.4	0
232	30	8.3	0
233	29.4	8.9	0
234	29.4	8.3	0.91
235	28.9	10.6	0
236	28.9	10	0
237	30	10	0
238	33.3	10	0
239	33.9	12.8	0
240	32.2	12.2	0
241	31.7	15	0
242	31.1	11.7	0
243	30.6	11.1	0.2
244	31.7	9.4	0
245	32.2	10.6	0
246	32.2	9.4	0
247	33.3	12.2	0
248	31.1	13.3	0.05
249	26.7	4.4	0.05
250	15	1.1	0
251	17.8	0	0
252	21.7	-1.1	0
253	27.2	4.4	0
254	29.4	8.3	0
255	26.7	11.1	0.05
256	25	9.4	0.15
257	22.2	6.1	0.03
258	22.8	5	0.03
259	23.3	8.3	0
260	23.9	7.8	0
261	24.4	5	0
262	26.7	6.1	0
263	27.2	3.9	0
264	23.9	4.4	0
265	26.7	6.7	0
266	28.9	7.8	0
267	30.6	9.4	0
268	30.6	9.4	0
269	28.9	6.7	0.03
270	28.9	6.7	0
271	28.3	10	0
272	25	6.7	0.05
273	26.7	6.7	0
274	26.7	6.1	0
275	26.7	6.7	0
276	25.6	6.1	0
277	23.3	4.4	0
278	16.1	-5	0
279	19.4	-1.7	0
280	15.6	2.2	0
281	18.3	6.1	0.03
282	13.9	1.7	0.13
283	11.1	-6.1	0
284	8.9	0.6	1.09
285	7.8	-3.9	0
286	15.6	-1.7	0
287	12.8	0.6	0.05
288	12.2	-3.9	0
289	16.7	-1.1	0
290	15.6	2.2	0
291	14.4	-4.4	0
292	15	0.6	0
293	15	-1.1	0
294	14.4	-1.7	0
295	13.3	1.1	0
296	12.8	1.1	0.03
297	6.7	-7.8	0
298	6.1	-7.8	0
299	15.6	-3.9	0
300	17.8	0.6	0
301	16.7	5	0
301	16.7	7.2	0
302	16.7	5.6	0
303	13.3	4.4	1.09
304	10.6	-1.1	0
305	12.8	-1.1	0
306	15.6	-2.2	0
307	16.1	-0.6	0
308	16.1	-1.1	0
309	15	1.1	0.3
310	9.4	0	0
311	10	-7.8	0
312	11.7	-4.4	0
313	13.9	-1.7	0
314	11.7	-3.3	0
315	13.9	-0.6	0
316	13.3	0.6	0
317	8.3	-1.1	0
318	11.1	2.8	0
319	13.3	0.6	0
320	13.3	0.6	0
321	7.8	2.8	0.13
322	7.8	0	0
323	8.3	-3.3	0
324	9.4	1.1	0.25
325	8.9	-0.6	0.76
326	2.8	-2.8	0.1
327	1.1	-4.4	0.66
328	-0.6	-4.4	0.23
329	0.6	-8.3	0
330	-2.2	-12.2	0
331	-6.7	-13.3	0
332	-1.7	-7.8	0.99
333	-2.8	-10	0
334	-2.2	-9.4	0.33
335	0	-10	0.74
336	0.6	-3.9	0.51
337	-2.8	-11.1	0.1
338	-3.9	-12.8	0.46
339	-1.7	-12.8	0
340	-6.1	-13.3	0
341	-2.8	-13.9	0
342	1.1	-10.6	0
343	-7.2	-17.8	0
344	-8.9	-17.8	0.03
345	-8.9	-18.3	0
346	-7.2	-17.2	0.25
347	-0.6	-7.8	0.43
348	-1.7	-13.9	0.33
349	-7.2	-13.3	0.03
350	-2.8	-8.9	0
351	-4.4	-8.3	0.08
352	-1.7	-6.7	0.08
353	0.6	-3.3	0
354	1.1	-9.4	0
355	-5.6	-7.2	0.03
356	-3.3	-11.7	0
357	-8.9	-18.3	0
358	-5	-20	0
359	-5	-17.2	0
360	-7.8	-19.4	0
361	-2.8	-14.4	0.28
362	-2.8	-8.3	0
363	-5.6	-13.9	0
364	1.1	-10	0.03
365	-2.8	-12.8	0
