#weather for site US Sheep Experiment Station year = 1926
#DOY Tmax(C) Tmin(C) PPT(cm)
1	4.4	-11.1	0
2	-3.9	-16.7	0
3	-2.2	-9.4	0
4	-2.8	-15.6	0
5	1.7	-15.6	0
6	-2.8	-17.8	0
7	-4.4	-16.7	0
8	1.1	-17.8	0
9	0	-13.9	0
10	1.1	-13.9	0
11	1.7	-17.2	0
12	1.7	-15	0
13	0	-16.1	0
14	0	-11.7	0
15	-4.4	-11.1	0.08
16	-1.7	-8.9	0
17	1.1	-6.7	0
18	-2.2	-11.7	0.33
19	-3.9	-19.4	0
20	-2.2	-12.8	0.25
21	-2.2	-17.8	0
22	0.6	-11.1	0
23	-1.1	-11.7	0
24	-3.3	-12.8	0.15
25	-1.1	-13.3	0
26	2.8	-9.4	0
27	-1.7	-12.8	0
28	-1.1	-10	0.48
29	-1.1	-6.7	0
30	1.7	-6.7	0
31	3.3	-5	0.15
32	0	-10.6	0
33	1.7	-2.8	0.2
34	1.1	-3.9	0.05
35	0.6	-7.2	0
36	2.2	-3.9	0
37	2.8	0	0
38	5	-2.8	0
39	-1.7	4.4	0
40	-2.8	4.4	0
41	3.9	-1.1	0.3
42	1.1	-9.4	0.36
43	0	-4.4	0
44	-2.2	-15	0
45	-0.6	-12.8	0
46	6.7	-4.4	0
47	5	-7.2	0
48	1.7	-10	0
49	4.4	-11.1	0
50	3.3	-5	0.03
51	3.9	-10.6	0
52	1.7	-7.8	0
53	1.1	-9.4	0.13
54	4.4	-7.8	0
55	3.9	-6.7	0
56	2.8	-9.4	0
57	7.2	-5	0
58	5.6	-4.4	0
59	5	-7.2	0
60	9.4	-6.7	0
61	7.2	-4.4	0
62	4.4	-5.6	0
63	0	-2.2	0
64	0	-7.8	0
65	3.9	-8.9	0
66	7.2	-3.9	0
67	9.4	-1.7	0
68	5.6	-1.1	0
69	5.6	-5	0
70	5.6	-2.8	0
71	10	-0.6	0
72	11.1	0.6	0
73	10.6	-1.1	0
74	11.1	-1.1	0
75	11.1	0	0.05
76	10.6	0	0
77	12.2	0	0
78	13.9	-1.1	0
79	14.4	1.7	0
80	16.1	0	0
81	17.2	1.7	0
82	9.4	-2.8	0
83	4.4	-5.6	0
84	5.6	-6.7	0
85	5	-5.6	0
86	1.1	-5.6	0
87	0.6	-11.1	0
88	-0.6	-5	0
89	0.6	-4.4	0.15
90	3.3	-8.9	0
91	4.4	-6.7	0
92	5.6	0	0.05
93	10	1.1	0.03
94	8.9	1.1	0.56
95	11.1	0.6	0.03
96	14.4	3.9	0.36
97	14.4	3.9	0
98	15.6	1.7	0
99	18.3	2.8	0
100	20	3.3	0
101	15.6	0	0
102	16.1	1.7	0
103	21.1	2.8	0
104	23.3	1.7	0
105	23.3	2.8	0
106	22.8	3.3	0
107	23.3	5.6	0
108	20	6.7	0.2
109	18.9	6.1	0
110	18.9	2.8	0
111	16.7	4.4	0.05
112	13.9	-1.1	0
113	18.9	-1.1	0
114	22.8	3.9	0
115	21.7	5	0
116	21.7	5	0
117	24.4	1.1	0
118	26.1	3.3	0
119	24.4	3.3	0
120	21.1	5.6	0
121	22.2	2.8	0
122	25	4.4	0
123	22.2	6.7	0
124	18.9	3.3	0.51
125	10.6	0	0.46
126	13.9	0	0.08
127	12.8	1.7	0
128	10.6	0.6	0
129	11.7	-0.6	0
130	15.6	3.3	0
131	15.6	3.9	0
132	20	0	0
133	23.3	1.7	0
134	22.8	3.3	0
135	22.2	3.9	0
136	20	5	0.13
137	21.1	3.9	0
138	25.6	2.8	0
139	22.8	4.4	0
140	20	-2.2	0
141	27.8	0.6	0
142	26.1	7.8	0
143	26.1	2.8	0
144	16.1	-1.1	0
145	21.1	-1.1	0
146	23.9	2.8	0
147	24.4	5.6	0
148	25	3.9	0
149	23.9	6.1	0
150	23.9	-1.1	0
151	27.8	2.8	0
152	26.1	5.6	0
153	27.2	5.6	0
154	31.7	4.4	0
155	31.7	9.4	0
156	-9999	-9999	0
157	32.8	7.8	0
158	31.7	7.2	0
159	31.7	8.9	0
160	31.1	6.7	0
161	27.8	7.2	0
162	26.7	7.8	0
163	26.7	7.2	0
164	25.6	4.4	0
165	20	-3.3	0
166	20.6	1.1	0.33
167	24.4	-1.1	0
168	26.7	7.2	0
169	20.6	3.3	0
170	15.6	-5.6	0
171	24.4	-4.4	0
172	26.1	-1.1	0
173	31.7	7.2	0
174	32.2	6.1	0
175	31.1	7.2	0
176	36.1	7.8	0
177	37.8	6.7	0
178	33.9	8.9	0
179	34.4	10	0
180	31.1	12.2	0
181	26.7	5	0.41
182	27.8	4.4	0
183	32.8	8.3	0
184	-9999	-9999	0
185	-9999	-9999	0
186	27.8	6.1	0
187	26.7	6.1	0
188	23.9	7.2	0
189	26.7	8.3	0
190	26.7	3.3	0
191	27.8	4.4	0
192	26.7	6.7	0
193	27.8	10	0
194	31.1	6.1	0
195	32.2	9.4	0
196	28.3	7.2	0
197	34.4	10	0
198	28.9	15.6	0
199	28.9	10	0
200	29.4	5	0
201	27.8	3.3	0
202	28.9	10	0
203	28.9	4.4	0
204	33.3	5.6	0
205	33.3	7.8	0
206	35	7.2	0
207	33.9	10	0
208	31.7	8.3	0
209	31.7	4.4	0
210	33.9	6.1	0
211	35.6	10.6	0
212	31.7	8.3	0
213	32.2	8.3	0
214	28.9	6.1	0
215	34.4	8.3	0
216	32.2	7.8	0
217	26.7	10	0
218	23.9	7.2	0
219	29.4	7.2	0
220	26.7	4.4	0
221	23.9	4.4	0
222	26.7	1.7	1.52
223	23.9	5.6	0.1
224	26.7	2.2	0
225	29.4	7.2	0
226	26.7	4.4	0
227	29.4	4.4	0
228	26.7	8.3	0
229	21.1	5	0.13
230	21.1	-1.1	0.13
231	27.2	-0.6	0
232	27.8	4.4	0
233	30.6	4.4	0
234	33.3	6.7	0
235	33.9	7.2	0
236	35.6	7.2	0
237	33.9	9.4	0
238	26.7	0	0
239	-9999	-1.1	0
240	-9999	-9999	0
241	-9999	-9999	0
242	-9999	-9999	0
243	-9999	-9999	0
244	-9999	-9999	0
245	-9999	-9999	0
246	-9999	-9999	0
247	-9999	-9999	0
248	-9999	-9999	0
249	21.1	-1.1	0.38
250	20.6	-3.9	0
251	24.4	0	0
252	26.7	7.8	0
253	21.7	0	0
254	22.2	1.7	0
255	21.7	-3.9	0.03
256	20.6	-2.8	0
257	23.9	-0.6	0
258	19.4	1.7	0
259	17.8	-0.6	0
260	18.9	-4.4	0
261	23.9	-3.9	0
262	23.9	0.6	0
263	20.6	-5	0
264	16.1	-6.7	0
265	19.4	-9.4	0
266	10.6	-16.7	0
267	16.7	-14.4	0
268	21.1	-5.6	0
269	18.3	-11.7	0
270	22.8	-3.3	0
271	19.4	3.3	0
272	12.8	-0.6	0
273	13.9	-8.3	0
274	14.4	-2.8	0
275	16.1	-3.3	0.1
276	15.6	-5.6	0
277	18.3	-6.7	0
278	20.6	-2.2	0
279	18.3	1.1	0.13
280	11.1	-5.6	0
281	18.3	-3.3	0
282	20.6	2.8	0
283	20	-2.8	0
284	14.4	-2.8	0
285	20	-1.1	0
286	21.1	0	0
287	20	0	0
288	18.9	6.1	0
289	23.9	5.6	0
290	13.3	1.7	0
291	16.1	-3.9	0.08
292	18.3	-2.2	0
293	18.9	-0.6	0
294	17.2	-0.6	0
295	21.1	0	0
296	18.9	-1.1	0
297	20	0	0
298	20	1.1	0
299	16.7	4.4	0
300	9.4	-4.4	0
301	7.8	-6.1	0
302	11.1	-6.1	0
303	16.7	-9.4	0
304	13.3	-8.9	0
305	14.4	-4.4	0
306	13.3	-1.7	0
307	13.9	-5.6	0
308	14.4	-3.9	0
309	14.4	-1.1	0
310	8.3	-4.4	0
311	9.4	-9.4	0
312	10.6	-3.9	0
313	11.1	-3.9	0
314	11.1	-1.1	0
315	3.3	-2.8	0.3
316	2.2	-3.9	0.2
317	2.8	-9.4	0
318	2.2	-7.8	0.25
319	3.9	-4.4	0.2
320	0	-13.3	0
321	2.2	-6.1	0
322	1.1	-7.8	0.33
323	7.2	0	0
324	6.7	-1.1	0
325	6.1	0	0
326	6.7	0	0
327	6.7	0	0.3
328	7.2	-1.1	0
329	5.6	-2.2	0.28
330	3.3	-2.2	0.46
331	1.1	-3.3	0
332	4.4	-1.7	0
333	5	0	0.97
334	10	0	0
335	9.4	0	0
336	6.7	1.7	0.69
337	6.7	-0.6	0.3
338	7.8	-2.2	0
339	3.9	-5	0
340	2.8	-3.3	0
341	1.7	-5	0
342	1.1	-10.6	0
343	-1.1	-8.3	0
344	-9999	-9999	0
345	-9999	-9999	0
346	-18.3	-22.8	0
347	-12.2	-27.8	0
348	-7.8	-25	0
349	-2.2	-12.8	0.28
350	-1.1	-9.4	0
351	0	-4.4	0.71
352	-0.6	-7.8	0
353	-3.3	-11.1	0
354	-3.9	-11.7	0.51
355	-9999	-9999	0
356	-9999	-9999	0
357	-9999	-9999	0
358	-9999	-9999	0
359	-2.8	-23.3	0
360	-1.7	-21.1	0
361	-2.2	-20.6	0
362	-1.7	-20	0
363	1.7	-16.7	0
364	0	-12.2	0
365	0.6	-12.8	0
