#weather for site US Sheep Experiment Station year = 1927
#DOY Tmax(C) Tmin(C) PPT(cm)
1	2.8	-7.8	0
2	0	-11.1	0
3	5	-7.2	0
4	11.1	-6.1	0
5	5	-4.4	0
6	1.1	-11.1	0.23
7	-1.1	-7.8	0
8	-2.2	-14.4	0
9	4.4	-13.9	0
10	-0.6	-3.9	0
11	-1.7	-11.1	0
12	1.1	-11.7	0
13	5	-5.6	0
14	6.7	-6.7	0
15	6.7	-5.6	0
16	-2.2	-7.2	0
17	-1.1	-7.8	0
18	-5.6	-16.7	0
19	-13.9	-17.2	0.48
20	-10.6	-26.7	0
21	-9.4	-27.2	0
22	-3.9	-22.8	0
23	0	-19.4	0
24	-0.6	-15	0
25	-1.1	-17.2	0
26	-1.7	-9.4	0
27	1.1	-9.4	0.1
28	1.1	-16.7	0
29	-2.2	-15.6	0
30	-5.6	-14.4	0.03
31	1.1	-9.4	0
32	2.2	0	0.2
33	6.1	-2.2	0
34	4.4	-3.9	0.91
35	3.3	-7.2	0
36	0	-12.2	0.08
37	3.9	-14.4	0
38	-2.8	-14.4	0
39	0	-23.9	0
40	-1.1	-22.2	0
41	-1.1	-18.9	0
42	-4.4	-16.1	0
43	-4.4	-16.1	0
44	-2.2	-13.3	0.08
45	1.7	-6.7	0.03
46	2.2	-5	0.03
47	2.8	-6.7	0
48	1.1	-3.9	0.08
49	1.7	-12.8	0
50	3.9	-3.9	0.1
51	7.2	-1.7	0
52	5.6	-10	0
53	-0.6	-13.9	0
54	1.1	-16.1	0.03
55	4.4	-15	0
56	6.1	-5	0.13
57	0.6	-11.1	0
58	2.2	-11.1	0
59	5.6	-6.7	0
60	6.1	-7.8	0
61	7.2	-6.1	0
62	5	-3.9	0
63	7.2	-5	0
64	9.4	-6.7	0
65	7.2	-10	0
66	4.4	-7.8	0
67	3.3	-7.2	0.13
68	5.6	-5.6	0
69	3.9	-14.4	0
70	4.4	-11.1	0
71	7.2	-1.7	0
72	6.7	-1.7	0
73	3.3	-10.6	0
74	2.8	-10.6	0
75	2.8	-7.8	0
76	0.6	-9.4	0.08
77	0.6	-12.8	0
78	3.3	-13.3	0
79	6.7	-6.7	0
80	8.3	-4.4	0
81	6.7	-10	0
82	6.1	-3.9	0
83	3.9	-8.9	0
84	5.6	-7.8	0
85	7.2	-7.2	0
86	7.2	-1.1	0.56
87	11.1	-3.9	0
88	11.1	-3.9	0
89	7.2	-1.1	0.18
90	7.8	-2.8	0
91	12.8	0	0.51
92	8.3	-1.7	0.13
93	7.8	-9.4	0
94	15	-6.7	0
95	13.9	0	0
96	14.4	-3.9	0
97	7.8	-1.7	0.2
98	7.8	-3.9	0.13
99	5.6	-7.8	0
100	6.7	-7.2	0.08
101	6.1	-5	0
102	7.2	-7.2	0
103	12.2	-4.4	0
104	14.4	-3.9	0
105	10	-3.3	0
106	8.9	-5	0
107	11.1	-1.1	0
108	6.7	-12.8	0
109	6.1	-12.2	0
110	12.8	-9.4	0
111	10.6	-1.1	0
112	16.1	-2.2	0
113	23.3	0	0
114	25.6	1.7	0
115	27.8	2.8	0
116	27.2	7.2	0
117	20.6	3.3	0
118	23.3	1.7	0
119	23.9	2.2	0
120	20	4.4	0
121	20	-4.4	0
122	17.8	-4.4	0
123	15	-2.2	0
124	12.8	0	0
125	16.7	1.1	0.36
126	15.6	-1.1	1.85
127	9.4	-0.6	0
128	9.4	-1.7	0
129	17.8	-1.7	0
130	17.8	1.7	0.05
131	17.8	2.2	0
132	25.6	2.2	0
133	26.1	5.6	0
134	29.4	6.7	0
135	30	7.2	0
136	21.1	13.3	0
137	15.6	-2.2	0
138	12.8	0.6	0.15
139	5	-1.1	0.3
140	10	-1.1	0.15
141	13.3	-1.7	0.53
142	13.3	0	0.38
143	18.3	1.7	0
144	22.2	5.6	0
145	22.2	4.4	0
146	7.8	-0.6	1.47
147	9.4	-0.6	0.46
148	11.1	-1.1	0.33
149	14.4	0	0.18
150	15	0.6	0.36
151	20.6	1.7	0
152	21.1	1.7	0
153	20	7.2	0.43
154	18.9	3.3	0.33
155	25	3.3	0.03
156	28.9	6.7	0
157	28.3	9.4	0
158	20	3.9	0
159	22.8	5	0
160	26.1	9.4	0
161	26.7	9.4	0.28
162	22.2	7.2	0
163	25.6	7.2	0
164	23.9	7.2	0
165	24.4	6.7	0
166	25.6	7.8	0.13
167	26.7	5.6	0.13
168	28.9	4.4	0
169	27.8	9.4	0
170	25.6	3.9	0
171	26.1	9.4	0
172	28.9	6.7	0
173	29.4	16.7	0
174	28.3	7.8	0
175	33.9	7.8	0
176	31.1	7.2	0
177	25	8.9	0
178	24.4	6.7	0.69
179	22.2	8.3	0.05
180	23.9	7.2	0.28
181	26.7	5	0
182	31.1	11.7	0
183	25.6	5.6	0
184	30	5.6	0
185	31.1	0.6	0
186	32.2	7.8	0
187	33.3	7.8	0
188	33.3	8.9	0
189	33.3	8.9	0
190	33.3	7.2	0
191	31.7	7.2	0
192	31.1	6.7	0
193	30.6	7.2	0.08
194	30	8.9	0
195	32.2	8.3	0
196	28.9	7.8	0
197	33.9	10	0
198	36.7	12.8	0
199	36.7	13.3	0
200	34.4	13.3	0
201	34.4	13.9	0
202	33.3	11.1	0
203	33.3	13.3	0
204	32.2	10	0
205	30.6	12.2	0.3
206	31.7	11.1	0
207	32.2	13.3	0
208	32.2	12.2	0.15
209	29.4	10	0
210	31.7	9.4	0.43
211	29.4	10	0
212	26.7	10	0.13
213	29.4	8.9	0.3
214	26.7	7.8	0
215	30.6	9.4	0
216	26.7	11.1	0
217	31.7	12.8	0.1
218	30	8.3	0
219	30	10.6	0
220	31.1	7.8	0
221	30	8.3	0
222	31.7	6.7	0
223	28.9	7.8	0
224	17.8	6.7	0
225	18.9	5	0
226	20.6	3.9	0.51
227	25.6	7.8	0
228	27.8	6.7	0
229	30.6	9.4	0
230	31.7	12.8	0
231	26.1	7.2	0
232	29.4	7.2	0
233	27.2	8.9	0
234	30.6	8.3	0
235	31.7	11.1	0
236	29.4	8.3	0
237	28.9	6.7	0
238	28.3	6.1	0
239	28.9	9.4	0.41
240	23.9	12.2	0.53
241	26.7	8.9	0
242	23.9	0	0
243	25.6	9.4	0
244	26.7	6.1	0
245	30	8.9	0
246	29.4	5.6	0.2
247	28.9	3.9	0
248	26.7	2.2	0
249	23.9	1.1	0
250	25.6	9.4	0
251	23.9	7.8	0.76
252	21.1	4.4	0
253	18.9	2.8	0
254	18.3	1.7	0
255	15.6	2.2	0.03
256	12.2	-1.7	0.13
257	19.4	-2.8	0
258	22.8	1.1	0
259	23.9	1.7	0
260	26.1	1.7	0
261	25	3.9	0
262	26.7	4.4	0
263	28.9	7.2	0
264	26.7	5	0
265	25.6	6.1	0
266	23.9	4.4	0
267	21.1	2.2	0
268	21.1	0	0
269	22.8	2.8	0.84
270	19.4	0	0
271	13.9	-1.7	0.13
272	9.4	-1.1	1.85
273	12.2	-1.1	0
274	11.1	-0.6	0
275	12.8	-1.1	0
276	13.3	-2.8	0
277	14.4	-4.4	0
278	10	-7.2	0
279	11.1	-9.4	0
280	12.2	-5.6	0
281	16.1	-3.3	0
282	15.6	-2.8	0
283	12.2	-7.2	0
284	16.1	-1.7	0
285	19.4	-0.6	0
286	19.4	3.3	0
287	22.2	1.1	0
288	23.9	3.9	0
289	23.9	2.8	0
290	22.8	0	0
291	25	1.1	0
292	25.6	2.8	0
293	21.1	1.1	0
294	23.3	1.7	0
295	20.6	-0.6	0
296	21.1	1.7	0
297	18.9	2.2	0
298	20	6.1	2.18
299	11.1	5	1.02
300	16.7	3.9	0.1
301	15	2.8	0
302	15.6	-0.6	0
303	11.1	-7.8	0
304	3.9	-11.7	0
305	10	-3.9	0
306	12.2	-1.1	0
307	12.8	0.6	0
308	16.1	-1.7	0
309	13.3	1.7	0
310	14.4	3.9	0
311	11.1	0	0
312	12.2	3.9	0.38
313	8.3	-2.8	0.58
314	10	-11.1	0
315	7.2	-5.6	0
316	8.3	-1.1	0
317	7.2	-1.7	0
318	7.2	-2.2	0
319	7.2	-3.3	0
320	10.6	-1.7	0
321	6.7	-4.4	0
322	8.3	-5	0
323	11.1	-3.9	0
324	7.8	-4.4	0.48
325	2.8	-11.1	0
326	5.6	-6.7	0
327	4.4	-6.1	0
328	5.6	-5.6	0
329	8.9	0	0
330	7.2	-2.2	0
331	8.9	-5.6	0
332	7.2	-7.8	0
333	3.3	-11.1	0.05
334	3.9	-6.7	0
335	3.3	-4.4	0.03
336	4.4	-3.9	0
337	2.2	-10.6	0
338	1.7	-7.2	0
339	-3.9	-18.9	0
340	-3.9	-24.4	0
341	-5	-20.6	0
342	-2.8	-12.2	0
343	0.6	-16.7	0
344	-1.7	-17.2	0.03
345	-3.3	-16.1	0
346	-0.6	-10	0
347	-2.8	-18.3	0
348	-3.9	-17.2	0.08
349	-1.7	-16.7	0
350	1.7	-17.2	0
351	-2.2	-20	0
352	-0.6	-18.3	0
353	5.6	-18.3	0
354	2.2	-17.2	0
355	1.1	-18.3	0
356	-9999	-9999	0
357	0	-14.4	0
358	1.7	-13.9	0
359	5	-12.8	0
360	3.3	-10	0
361	1.7	-9.4	0
362	-3.3	-19.4	0
363	-5.6	-22.2	0
364	-12.2	-28.9	0
365	-6.1	-15	0.3
