#weather for site US Sheep Experiment Station year = 1933
#DOY Tmax(C) Tmin(C) PPT(cm)
1	-1.1	-13.3	0
2	2.8	-12.2	0
3	-6.1	-15.6	0
4	-2.8	-12.2	0
5	1.1	-9.4	0
6	0	-13.3	0
7	0	-13.3	0
8	1.1	-7.8	0
9	-1.1	-13.9	0
10	-3.9	-18.3	0
11	-6.1	-11.7	0
12	-2.2	-12.8	0
13	-1.7	-10	0
14	0	-11.7	0.61
15	-7.8	-17.8	0
16	-4.4	-16.7	0.05
17	-3.3	-12.8	0.53
18	-5.6	-11.1	0.69
19	-1.1	-7.2	0
20	-4.4	-10	0
21	-7.8	-12.2	0
22	-6.7	-13.3	0
23	-7.2	-12.8	0
24	-5.6	-9.4	0
25	-7.8	-13.3	0
26	-3.9	-12.2	0
27	-2.8	-12.2	2.29
28	-7.8	-18.9	0
29	-7.8	-12.8	0.41
30	-8.9	-20	0.28
31	-6.1	-16.7	0
32	-7.2	-22.8	0
33	-8.3	-19.4	0
34	-7.2	-17.2	0
35	-6.7	-16.7	0.58
36	-9.4	-21.1	0
37	-17.2	-28.3	0
38	-23.3	-26.7	0
39	-20.6	-32.2	0
40	-18.9	-32.2	0
41	-12.2	-20.6	0
42	-5	-17.8	0
43	-6.7	-21.1	0.25
44	-12.8	-20.6	0
45	-7.2	-15	0
46	2.2	-10.6	0.08
47	-5	-17.2	0
48	-7.2	-16.7	0
49	-7.8	-16.1	0
50	-3.9	-13.9	0
51	-2.2	-11.1	0
52	-2.2	-11.7	0
53	0	-9.4	0
54	-1.1	-10	0.13
55	-1.1	-15.6	0
56	-1.1	-15	0
57	-2.2	-15.6	0
58	4.4	-8.3	0
59	7.8	-6.7	0
60	5.6	-6.1	0
61	2.8	-5.6	0
62	1.7	-9.4	0.05
63	-1.7	-14.4	0
64	1.7	-10.6	0
65	2.2	-8.9	0
66	0	-12.2	0
67	-1.7	-13.9	0
68	0	-4.4	0
69	5.6	-3.9	0
70	4.4	-6.7	0
71	3.9	-1.7	0
72	1.7	-7.2	0
73	5	-11.1	0
74	3.9	-7.8	0.38
75	3.3	-1.7	0
76	4.4	-4.4	0
77	3.3	-7.2	0
78	1.1	-6.7	0
79	0	-5	0.08
80	-0.6	-13.3	0.2
81	0	-11.1	0
82	1.7	-12.8	0
83	4.4	-6.7	0
84	5	-4.4	0
85	7.2	-3.3	0
86	11.7	-0.6	0
87	8.9	-0.6	0.08
88	4.4	-5	0
89	6.7	-1.1	0
90	5.6	-6.1	0
91	10.6	-3.9	0
92	15	-5.6	0
93	11.7	-4.4	0
94	6.7	-8.3	0
95	9.4	-5.6	0
96	8.3	-3.9	0.23
97	3.9	-9.4	0.08
98	0	-8.9	0
99	0.6	-11.1	0
100	6.1	-10.6	0
101	5.6	-1.7	0
102	7.8	-7.8	0
103	12.2	-6.1	0
104	17.2	-2.2	0
105	14.4	4.4	0
106	15.6	2.2	0
107	13.3	-2.2	0
108	11.1	2.2	0
109	8.9	0	0
110	16.1	-0.6	0
111	15.6	-0.6	0
112	18.3	-1.1	0
113	18.9	-0.6	0
114	18.9	2.2	0.13
115	18.3	3.9	0.05
116	21.1	0.6	0
117	21.1	2.2	0
118	16.7	4.4	1.02
119	6.1	0	0.84
120	10.6	-2.2	0.81
121	11.1	0	1.04
122	6.7	2.2	0.18
123	11.7	0	0.43
124	10.6	0	0.51
125	9.4	1.7	0
126	6.1	-3.9	0.56
127	6.1	-3.9	0.61
128	9.4	-3.9	0
129	8.9	0	0
130	10.6	0	0
131	11.7	-1.1	0
132	14.4	-0.6	0
133	16.7	1.1	0
134	15	2.2	0.13
135	20	1.1	0.1
136	12.8	0.6	0.64
137	12.8	1.7	0.05
138	16.1	-0.6	0
139	22.2	2.2	0
140	22.2	4.4	0
141	16.7	5.6	0.28
142	15.6	0.6	0
143	17.2	3.9	0
144	21.1	4.4	0
145	21.1	7.2	0
146	19.4	1.7	0
147	17.8	0.6	0
148	23.9	2.2	0
149	28.3	6.7	0
150	26.1	8.9	0
151	24.4	6.1	0
152	25.6	5.6	0
153	23.3	7.8	0
154	21.1	6.1	0
155	23.3	6.1	0
156	23.9	7.8	0
157	23.3	5.6	0
158	18.3	10	0
159	20.6	11.1	0
160	26.7	7.8	0
161	28.9	11.7	0
162	30.6	12.2	0
163	31.7	13.9	0
164	30	11.1	0
165	31.7	12.2	0
166	32.2	12.2	0
167	31.7	13.3	0
168	29.4	11.7	0
169	28.3	10	0
170	28.3	11.1	0
171	32.2	10	0
172	30.6	12.2	0
173	29.4	11.7	0
174	30.6	11.7	0
175	30.6	12.8	0
176	29.4	10	0
177	30.6	10	0
178	28.3	10	0.56
179	22.2	5	0.1
180	22.2	7.2	0
181	25	5.6	0
182	30	9.4	0
183	30	10.6	0
184	32.8	11.1	0
185	32.8	12.8	0
186	31.1	13.9	0
187	29.4	13.9	0
188	28.3	13.9	0
189	30	11.7	0.05
190	30.6	12.8	0
191	32.2	8.3	0
192	33.3	11.1	0
193	33.3	16.7	0
194	31.1	17.2	0
195	34.4	15.6	0
196	31.1	15.6	0.1
197	32.8	11.7	0
198	33.9	10.6	0
199	33.9	13.3	0
200	30.6	11.7	0
201	31.1	12.8	0
202	29.4	15.6	0
203	32.2	11.1	0
204	36.7	13.9	0
205	35.6	16.7	0
206	36.7	16.7	0
207	36.1	16.7	0
208	36.1	16.1	0
209	35	15.6	0
210	32.2	13.3	0
211	31.1	12.8	0
212	29.4	11.1	0.18
213	30.6	8.9	0
214	29.4	11.7	0.53
215	29.4	10.6	0
216	27.8	9.4	0
217	27.8	5.6	0
218	30.6	10	0
219	28.3	16.1	0
220	29.4	12.2	0
221	31.7	12.8	0
222	33.3	15	0
223	33.3	12.8	0
224	35	16.1	0
225	33.3	15.6	0
226	34.4	16.7	0
227	33.9	15.6	0
228	32.8	17.2	0
229	26.7	18.9	1.8
230	26.1	12.8	0
231	27.8	9.4	0
232	23.9	4.4	0
233	20	2.8	0
234	26.1	5.6	0
235	28.3	7.8	0
236	25	6.1	0
237	17.2	6.7	0.13
238	22.2	7.8	0
239	24.4	6.7	0
240	28.3	9.4	0
241	27.8	11.1	0
242	21.1	3.3	0
243	25	5	0
244	27.2	2.8	0
245	29.4	8.9	0
246	31.1	10	0
247	30.6	13.9	0
248	27.8	10	0
249	21.1	6.7	0
250	22.8	4.4	0
251	23.9	10	1.14
252	22.2	2.8	0
253	23.9	5.6	0
254	25	8.9	0
255	26.7	7.8	0
256	24.4	7.2	0
257	15.6	2.8	0.18
258	22.2	0	0
259	28.3	6.7	0
260	20	8.3	0
261	23.3	0.6	0
262	25.6	7.2	0
263	22.8	3.9	0
264	18.9	1.7	0
265	16.1	-0.6	0
266	11.7	5	0
267	11.1	0	0
268	13.3	-3.3	0
269	16.7	0.6	0
270	25	3.9	0
271	24.4	6.1	0
272	19.4	0	0
273	21.1	0	0
274	24.4	2.8	0
275	27.2	7.2	0
276	24.4	3.9	0
277	23.9	8.3	0
278	23.9	4.4	0
279	24.4	4.4	0
280	23.9	6.7	0
281	23.9	5.6	0
282	20	2.8	0
283	20.6	3.3	0
284	18.3	1.7	0
285	18.3	1.1	0
286	17.2	0	0
287	15	0	0
288	11.7	-2.2	0
289	17.2	2.8	0
290	17.8	-1.7	0
291	14.4	5	0
292	12.2	2.2	0
293	4.4	-10	0
294	7.2	-3.3	0
295	15.6	0	0
296	20.6	4.4	0
297	17.2	2.8	0
298	14.4	0	0
299	16.7	1.7	0
300	15	0	0
301	11.7	6.1	0
302	13.9	4.4	0
303	12.2	0	0.91
304	7.2	-3.9	0
305	6.1	-2.8	0
306	4.4	-3.3	0.86
307	-1.1	-6.7	0
308	2.2	-7.8	0
309	1.7	-8.3	0
310	5	-7.2	0
311	5	-5.6	0
312	7.8	-5	0
313	10	-2.8	0
314	8.9	-3.3	0
315	10	-2.8	0
316	11.1	-2.2	0
317	12.8	-2.8	0
318	14.4	-2.2	0
319	9.4	0	0
320	3.9	-3.9	0
321	4.4	-2.8	0
322	7.8	-4.4	0
323	5	-5	0
324	1.7	-6.1	0
325	5.6	-4.4	0
326	10	-2.8	0
327	8.3	-1.1	0
328	9.4	-1.7	0
329	9.4	-2.8	0
330	5	-4.4	0
331	2.2	-2.8	0
332	0	-10.6	0
333	6.7	-9.4	0
334	1.7	-10	0
335	2.8	-8.9	0
336	-1.1	-7.2	0.13
337	-1.7	-7.8	0
338	-6.1	-15.6	0
339	2.2	-7.2	0
340	5.6	-3.9	0
341	0	-12.2	0
342	4.4	-7.2	0
343	6.7	-5.6	0
344	7.2	-2.8	0
345	5	0	0.03
346	3.3	-1.1	0.46
347	1.7	-3.3	0.1
348	-1.7	-10	0.05
349	-2.8	-12.2	0.23
350	-6.7	-13.9	0
351	0	-7.8	0
352	1.7	-7.8	0
353	3.3	-6.1	0
354	3.9	-5.6	0
355	4.4	-3.3	0
356	7.8	-5	0
357	0	-10.6	0
358	0.6	-5	0
359	1.7	-4.4	0
360	1.1	-4.4	0
361	6.7	-4.4	0
362	6.1	-4.4	0
363	3.3	0	1.04
364	2.8	-1.1	0.15
365	2.8	0	0.61
