#weather for site US Sheep Experiment Station year = 1945
#DOY Tmax(C) Tmin(C) PPT(cm)
1	-6.1	-12.2	0
2	-6.7	-13.9	0
3	-6.7	-9.4	0
4	-4.4	-9.4	0
5	-2.2	-9.4	0
6	-4.4	-8.3	0
7	-1.7	-7.8	0
8	-1.1	-10	0
9	3.3	-5.6	0
10	3.9	-3.3	0
11	0.6	-7.8	0
12	-0.6	-3.9	0
13	1.1	-2.8	0
14	0.6	-8.3	0
15	1.7	-2.8	0.71
16	0.6	-7.2	0.2
17	-3.9	-8.3	0
18	-3.9	-11.7	0
19	-5	-9.4	0.15
20	-6.7	-13.9	0
21	-7.8	-18.9	0
22	-3.9	-19.4	0
23	1.1	-13.9	0
24	-2.2	-13.9	0
25	-2.2	-8.9	0
26	-1.1	-13.3	0
27	-3.9	-13.3	0
28	-7.8	-12.2	0
29	-7.8	-17.8	0
30	-2.8	-16.7	0
31	-2.2	-6.7	0.25
32	-9999	-3.3	0.84
33	-9999	-1.1	1.68
34	-9999	-1.7	0.1
35	-9999	-4.4	0
36	-9999	-5.6	0.36
37	-9999	-8.9	0
38	-9999	-10	0
39	-9999	-2.2	0.08
40	-9999	-8.3	0
41	-9999	-8.9	0
42	-9999	-5.6	0.33
43	-9999	-8.3	0
44	-9999	-8.9	0
45	-9999	-4.4	0
46	-9999	-17.2	0
47	-9999	-14.4	0
48	-9999	-8.3	0.08
49	-9999	-5.6	0.05
50	-9999	-9.4	0
51	-9999	-8.9	0.1
52	-9999	-13.9	0
53	-9999	-13.9	0
54	-9999	-12.8	0
55	-9999	-11.7	0
56	-9999	-13.9	0
57	-9999	-17.2	0
58	-9999	-15	0
59	-9999	-10	0
60	1.1	-13.3	0
61	0.6	-12.2	0
62	1.7	-8.3	0.1
63	-1.1	-15	0
64	-7.8	-20.6	0
65	-7.8	-16.1	0
66	-2.8	-13.3	0
67	-0.6	-8.3	0.25
68	0.6	-10	0
69	2.8	-6.1	0
70	3.3	-3.9	0
71	4.4	-3.9	0
72	4.4	-1.1	0
73	2.8	-5.6	0.1
74	0.6	-11.7	0
75	0.6	-14.4	0
76	0	-7.2	0.13
77	0.6	-10.6	0
78	-1.1	-11.1	0
79	1.7	-6.1	0
80	4.4	-5	0
81	6.7	-3.9	0
82	7.2	-2.2	0.25
83	3.3	-2.8	0
84	2.2	-5	0
85	1.1	-3.3	0.33
86	5.6	-4.4	0.2
87	2.8	-7.2	0
88	3.9	-4.4	0
89	3.9	-6.1	0
90	5.6	-3.9	0
91	4.4	-9.4	0
92	-3.9	-12.8	0
93	0.6	-13.3	0
94	1.7	-11.7	0
95	7.2	-5	0
96	10	-3.9	0
97	10.6	-2.8	0
98	8.9	1.1	0
99	6.1	-5.6	0.43
100	2.8	-7.8	0
101	2.8	-6.1	0.03
102	2.8	-5	0.48
103	2.2	-7.2	0.03
104	5	-8.3	0
105	10	-2.2	0
106	10	-2.2	0
107	8.3	-6.1	0
108	10.6	-3.9	0
109	15.6	0	0
110	18.3	1.1	0
111	17.8	5	0
112	17.2	-0.6	0
113	9.4	-3.3	0
114	7.8	-2.2	0.03
115	7.2	-6.1	0
116	12.2	-6.1	0.1
117	15	-2.8	0
118	16.1	0	0
119	17.2	1.1	0
120	18.9	0	0
121	20.6	3.9	0
122	20.6	3.9	0
123	23.3	5.6	0
124	24.4	3.9	0.03
125	20.6	5.6	0.15
126	22.2	5.6	0
127	22.2	2.8	0
128	21.1	1.7	0
129	21.1	2.2	0
130	20.6	6.1	0
131	15.6	1.7	0.05
132	16.1	6.1	0
133	15.6	3.3	1.12
134	13.3	0.6	0.05
135	12.2	0	0.53
136	9.4	-1.1	0.74
137	12.8	2.2	0.76
138	12.8	-1.7	0
139	12.8	2.8	0.15
140	11.7	1.7	0
141	9.4	1.1	0.25
142	14.4	1.1	0.64
143	14.4	4.4	1.19
144	13.3	3.3	0.86
145	16.7	2.2	0
146	19.4	7.8	0
147	19.4	3.9	0
148	20	5	0
149	20	6.7	0
150	21.1	6.1	0
151	17.2	3.3	0.05
152	17.8	4.4	0.28
153	18.3	5	0
154	12.8	4.4	0.79
155	16.7	3.9	0
156	14.4	5.6	1.37
157	12.8	3.3	1.98
158	12.8	3.9	0.84
159	12.8	5.6	0.23
160	11.7	2.2	0.46
161	13.9	3.3	0.58
162	16.7	1.7	0
163	20	3.3	0
164	19.4	3.3	0.05
165	11.1	0.6	0
166	13.9	1.7	0
167	17.8	1.1	0
168	20.6	5	0
169	24.4	6.7	0
170	25	10	0
171	23.9	10	0
172	27.8	10	0
173	27.8	12.2	0
174	25.6	10.6	0
175	23.9	10.6	0
176	25.6	8.9	1.45
177	25	8.3	0
178	15.6	5.6	0.15
179	15	2.8	0
180	15.6	3.9	0.23
181	15.6	3.3	0.18
182	21.1	3.9	0
183	25.6	5.6	0
184	26.7	14.4	0
185	25.6	12.8	0
186	25	14.4	0
187	27.2	15.6	0
188	28.9	17.2	0
189	28.3	18.9	0
190	28.9	17.8	0
191	27.8	18.9	0
192	25	15	0
193	25.6	8.9	0.05
194	31.7	10	0
195	27.8	11.7	0.03
196	26.7	10	0
197	28.3	8.3	0
198	28.3	10	0.05
199	29.4	10.6	0
200	29.4	11.7	0.03
201	31.1	12.2	0.03
202	31.7	8.9	0
203	31.7	10.6	0.05
204	33.3	10.6	0
205	32.8	11.1	0
206	34.4	12.2	0
207	34.4	16.7	0
208	32.2	14.4	0
209	32.2	11.7	0
210	31.7	8.3	0
211	31.7	12.2	0
212	30	7.8	0
213	32.2	12.8	0
214	32.8	13.3	0
215	30	13.3	0.05
216	27.8	6.1	0
217	31.1	8.3	0
218	30.6	11.7	0
219	30.6	12.8	0.74
220	28.3	10	0.23
221	27.2	11.7	0
222	29.4	10	0.51
223	29.4	11.7	0.36
224	29.4	11.1	0.38
225	24.4	7.2	0
226	25	8.9	0.05
227	26.7	8.3	0
228	31.1	9.4	0
229	32.2	8.9	0
230	32.2	12.2	0
231	27.2	12.2	2.21
232	18.3	8.3	2.16
233	22.8	5.6	0
234	26.7	6.7	0
235	30	11.1	0
236	31.1	13.3	0
237	32.8	12.8	0.18
238	31.1	4.4	0
239	28.9	3.3	0
240	27.2	5.6	0
241	28.3	8.9	0
242	28.3	6.1	2.11
243	25	6.1	0
244	30	8.9	0
245	29.4	15.6	0
246	28.9	12.8	0
247	27.8	10.6	0
248	27.2	11.1	0
249	25	9.4	0
250	18.3	2.8	0
251	23.9	3.9	1.27
252	23.9	1.1	0
253	21.7	2.2	0
254	24.4	5	0
255	23.3	3.3	0
256	25	3.3	0
257	25	7.8	0
258	25	7.8	0
259	21.7	4.4	0
260	15	1.1	0
261	12.8	2.2	0
262	15	-5.6	0
263	15	1.1	0
264	13.9	3.9	0.97
265	10	0	1.17
266	10	-1.1	0
267	8.9	-3.3	0.13
268	12.2	-0.6	0
269	11.1	2.8	0.03
270	10	-0.6	0
271	14.4	-2.2	0
272	16.1	-0.6	0
273	19.4	2.8	0
273	19.4	-0.6	0
274	21.7	2.8	0
275	21.7	3.9	0
276	22.8	3.3	0
277	21.7	2.2	0
278	21.7	3.9	0
279	22.8	4.4	0
280	23.3	5	0
281	23.3	4.4	0
282	23.3	3.3	0
283	20	5	0
284	23.9	7.8	0
285	22.8	10	0
286	22.8	6.7	0
287	20	3.9	0
288	18.9	3.3	0
289	17.2	3.3	0
290	14.4	-2.8	0
291	9.4	-4.4	0
292	8.9	2.8	0
293	5	-9.4	0
294	4.4	-5	0
295	5	-11.1	0
296	6.7	-3.9	0
297	13.3	-1.1	0
298	17.2	-1.1	0
299	14.4	0.6	0
300	11.7	1.7	0
301	13.9	0	0
302	14.4	4.4	0
303	5	-0.6	0.1
304	5.6	-1.1	0
305	6.7	-2.8	0
306	12.2	-2.2	0
307	10	-1.1	0
308	13.3	-0.6	0
309	10.6	-2.8	0
310	1.1	-6.7	0
311	-2.2	-12.8	0
312	-0.6	-16.1	0
313	-0.6	-7.2	0.86
314	1.1	-5.6	0.18
315	-2.2	-8.9	0.28
316	-1.7	-12.8	0
317	-1.1	-7.2	0
318	0	-5	0.64
319	0	-5	0
320	1.7	-5.6	0
321	-0.6	-11.7	0
322	1.1	-4.4	0
323	0	-9.4	0
324	-6.1	-12.8	0
325	-2.8	-13.9	0
326	5.6	-13.3	0
327	3.3	-6.7	0
328	0	-3.3	0.08
329	0	-8.3	0
330	3.3	-1.7	0
331	5.6	-3.9	0
332	2.8	-2.2	0.15
333	0.6	-3.9	0
334	-1.7	-12.2	0
335	-0.6	-11.1	0
336	-1.7	-13.3	0
337	3.3	-7.2	0
338	4.4	-6.1	0
339	-0.6	-6.7	0
340	0	-9.4	0
341	-3.9	-15	0
342	-8.9	-18.3	0
343	-7.8	-16.1	0.05
344	-6.7	-12.8	0.1
345	-9.4	-22.8	0
346	-9.4	-17.8	0
347	-12.8	-19.4	0
348	-11.1	-15.6	0
349	-8.9	-13.9	0
350	-6.7	-16.7	0
351	-8.9	-21.1	0
352	-10.6	-22.2	0
353	-5	-16.7	0
354	-3.9	-9.4	0
355	0.6	-5.6	0.86
356	0.6	-1.7	0.71
357	-0.6	-5.6	0
358	-1.1	-5.6	0.28
359	-1.1	-2.8	0.05
360	-1.1	-5.6	0
361	1.1	-2.2	0.53
362	3.3	-3.3	0
363	-0.6	-9.4	0
364	-1.7	-8.3	0
365	0	-9.4	0
