#weather for site US Sheep Experiment Station year = 1957
#DOY Tmax(C) Tmin(C) PPT(cm)
1	-2.8	-8.3	0
2	-3.9	-13.3	0
3	-4.4	-18.3	0
4	-6.1	-16.7	0
5	-9.4	-16.1	0.03
6	-6.7	-12.8	0.25
7	-3.9	-8.9	0
8	-6.7	-15.6	0
9	-6.7	-15.6	0
10	-1.1	-13.3	0
11	-1.7	-8.3	0
12	0	-6.7	0.51
13	0	-5.6	0.36
14	-4.4	-13.9	0
15	-10.6	-22.2	0
16	-8.3	-21.7	0
17	-2.8	-17.2	0
18	-5.6	-16.1	0
19	-2.2	-11.1	0.86
20	-3.9	-11.7	0
21	-10.6	-18.9	0
22	-9.4	-17.2	0
23	-9.4	-17.8	0
24	-11.7	-18.9	0
25	-13.3	-21.7	0
26	-7.2	-21.7	0
27	-8.9	-23.9	0
28	-9.4	-22.2	0
29	-8.9	-22.8	0
30	-6.7	-17.2	0.05
31	-4.4	-15	0
32	-2.8	-10.6	0
33	-5	-12.8	0
34	-6.1	-12.8	0
35	-3.9	-13.3	0
36	-3.3	-13.9	0
37	0	-12.8	0
38	0	-7.8	0.25
39	-2.2	-12.8	0
40	-1.1	-14.4	0
41	0.6	-12.2	0
42	0	-9.4	0
43	2.2	-6.7	0
44	2.8	-0.6	0
45	4.4	-4.4	0
46	5	-9.4	0
47	4.4	-8.3	0
48	3.3	-10	0
49	1.1	-9.4	0
50	-0.6	-11.1	0
51	-2.2	-13.9	0
52	2.2	-6.1	0
53	3.3	-0.6	0.64
54	3.9	-0.6	0
55	4.4	-0.6	0.2
56	4.4	-0.6	0.1
57	6.7	-1.7	0.03
58	5	-6.1	0
59	5.6	-7.8	0
60	5.6	-7.8	0
61	2.2	-4.4	0.25
62	1.7	-3.9	0.2
63	3.3	-5.6	0.43
64	0.6	-9.4	0
65	3.3	-9.4	0.05
66	7.2	-2.8	0
67	5	3.9	0
68	5	-5.6	0
69	5.6	-8.3	0
70	3.9	-2.2	0.13
71	0.6	-6.1	0.13
72	-1.1	-12.8	0
73	3.3	-7.2	0
74	5.6	-2.2	0
75	3.3	-3.3	0.41
76	7.2	-7.2	0
77	8.9	-5	0
78	10.6	-3.9	0
79	8.9	-3.9	0.38
80	0.6	-9.4	0
81	1.7	-8.9	0
82	2.8	-9.4	0
83	2.8	-2.8	0.38
84	5.6	-7.2	0
85	8.3	-6.7	0
86	8.9	-3.3	0
87	8.9	1.1	0.13
88	9.4	0.6	0
89	8.9	0	0.53
90	8.9	-1.7	0.2
91	7.2	-2.2	0
92	8.3	-1.1	0
93	6.7	-4.4	0
94	11.7	-2.2	0
95	11.1	0	0
96	7.8	-5	0
97	8.9	-5	0
98	13.3	-2.8	0
99	12.2	0	0
100	11.1	-2.8	0.08
101	8.9	-2.2	0.05
102	11.1	-2.8	0.03
103	15.6	1.7	0
104	11.1	-3.3	0
105	11.7	-3.3	0
106	11.1	-0.6	0.05
107	9.4	0	0.46
108	7.2	0	0.76
109	11.7	0.6	0.05
110	10.6	0	0.79
111	11.7	0.6	0
112	11.7	5	0
113	9.4	-1.1	0.13
114	7.8	-5	0
115	7.2	-1.7	0
116	12.2	-3.9	0
117	17.8	-0.6	0
118	NA	NA	NA
119	21.1	1.7	0
120	20.6	1.7	0
121	21.1	2.2	0
122	22.8	5.6	0
123	21.1	3.3	0
124	17.2	4.4	0.79
125	20.6	4.4	0
126	21.1	6.7	0.1
127	21.7	3.9	0
128	20	8.9	0.23
129	13.9	7.8	1.47
130	20	9.4	0.1
131	17.2	4.4	0.97
132	8.9	5	0.38
133	13.3	6.1	0.1
134	10	5	0.56
135	15	5	1.14
136	16.1	5.6	0
137	16.7	3.3	2.16
138	11.1	3.9	0.3
139	10.6	6.1	1.37
140	10	2.2	0.84
141	10	2.8	0
142	13.3	0	0
143	14.4	4.4	0
144	17.2	5	0
145	18.3	5	0
146	19.4	11.1	0
147	20.6	8.3	0
148	22.2	4.4	1.02
149	22.8	7.2	0.46
150	21.7	5	0
151	22.2	10	0.41
152	22.8	7.2	0
153	25	8.9	0
154	26.1	8.3	0
155	27.8	11.1	0
156	27.2	11.1	0.15
157	22.2	10.6	0
158	22.2	8.9	0
159	24.4	9.4	0.05
160	21.1	6.7	0
161	17.8	7.8	0.61
162	21.1	6.1	0
163	21.1	7.2	0.03
164	17.8	6.7	0.33
165	14.4	2.8	0.13
166	14.4	2.8	0.2
167	10	2.8	0.03
168	18.3	4.4	0
169	22.8	6.1	0
170	25	7.2	0
171	22.8	4.4	1.09
172	14.4	4.4	0.1
173	15	8.3	0.43
174	21.7	5	0
175	26.1	5	0
176	26.1	8.9	0
177	23.3	10.6	0
178	24.4	10	0
179	28.3	10	0
180	30	12.2	0
181	28.9	12.2	0
182	29.4	12.2	0
183	28.3	12.2	0
184	25	11.1	0
185	25.6	5.6	0
186	30	8.3	0
187	30.6	13.3	0
188	28.9	14.4	0
189	30	7.8	0
190	33.3	10	0
191	32.2	10	0
192	28.3	10.6	0.46
193	29.4	11.1	0
194	30	12.8	0
195	29.4	11.1	0.25
196	28.3	10	0
197	31.1	8.3	0
198	30	11.1	0
199	28.9	10	0.25
200	30	10.6	0
201	29.4	10.6	0.2
202	31.1	11.1	0
203	30	11.1	0
204	29.4	11.1	0
205	29.4	10.6	0
206	31.1	10	0
207	31.7	10.6	0
208	31.1	11.1	0
209	32.8	10	0
210	31.1	15	0.05
211	32.2	10.6	0
212	32.2	13.3	0
213	30.6	11.7	0
214	28.9	10.6	0
215	31.1	11.1	0
216	31.7	13.3	0
217	32.8	13.3	0.33
218	31.1	12.2	0.23
219	27.8	6.7	0
220	30.6	10.6	0
221	32.8	11.7	0
222	32.2	11.1	0
223	31.1	13.9	0
224	30	10	0
225	30.6	8.3	0
226	31.7	10.6	0
227	30.6	12.8	0
228	30.6	12.2	0
229	31.7	11.1	0
230	32.2	12.8	0
231	31.7	13.9	0
232	31.1	8.3	0
233	30.6	8.9	0
234	26.7	10	0.46
235	28.3	8.9	0.53
236	30.6	11.1	0
237	30	10	0
238	28.3	11.7	0.05
239	25	8.3	0
240	22.8	9.4	0
241	22.8	7.2	0.08
242	17.8	7.8	0.81
243	17.8	7.2	0.38
244	15	6.1	0
245	25	5.6	0
246	25	9.4	0
247	26.7	7.2	0
248	27.2	10.6	0
249	27.8	11.1	0
250	30	10.6	0
251	28.9	10.6	0
252	17.8	3.9	0
253	18.3	3.9	0
254	22.8	1.7	0
255	23.3	7.8	0
256	18.9	5.6	0
257	22.2	1.7	0
258	26.1	6.1	0
259	26.7	5.6	0
260	25.6	7.8	0
261	23.9	4.4	0
262	15	-2.2	0.23
263	9.4	-0.6	0
264	14.4	1.7	0
265	19.4	0	0
266	22.8	3.9	0
267	23.9	4.4	0
268	25.6	5	0
269	25.6	6.7	0
270	26.7	9.4	0
271	25	9.4	0
272	29.4	11.1	0
272	28.3	10	0
273	27.2	11.7	0
274	24.4	6.1	0.3
275	13.9	2.2	0.18
276	6.1	-0.6	0
277	10	-1.7	0
278	11.7	-3.3	0
279	10	-3.9	0
280	11.7	-3.9	0
281	18.9	2.8	0
282	20.6	2.8	0
283	19.4	4.4	0
284	18.9	6.1	0
285	16.7	4.4	0
286	18.9	4.4	0.33
287	8.3	4.4	0.46
288	12.8	1.1	0.05
289	13.9	0	0
290	13.3	-1.1	0
291	12.2	1.1	0
292	11.7	3.3	0
293	12.8	2.2	0
294	12.2	2.2	0
295	12.8	2.2	0
296	12.8	1.7	0
297	11.7	-0.6	0
298	11.7	-0.6	0
299	10.6	-1.1	0.84
300	10.6	-3.3	0.1
301	4.4	-3.9	0
302	10	-1.1	0
303	10	0	0
304	5.6	-3.9	0.03
305	2.8	-2.8	0
306	1.7	-5.6	0
307	4.4	-4.4	0
308	10.6	-3.9	0
309	11.1	-1.1	0
310	4.4	-4.4	0
311	6.7	-5.6	0
312	6.7	-7.2	0
313	7.2	-4.4	0
314	4.4	-1.1	0
315	1.7	-2.8	0.05
316	1.1	-2.2	0.56
317	1.7	-2.2	0.61
318	-1.1	-6.1	0
319	-0.6	-8.3	0
320	-1.7	-8.9	0
321	-5	-8.3	0.05
322	1.1	-10	0.05
323	-1.1	-11.7	0
324	-5	-13.3	0
325	-7.2	-14.4	0.05
326	-3.9	-13.3	0
327	3.9	-12.2	0
328	6.1	-6.7	0
329	0.6	-6.1	0
330	-2.8	-15.6	0
331	-1.1	-8.9	0.03
332	-2.2	-16.1	0
333	-3.9	-13.9	0
334	1.1	-11.1	0
335	0	-10.6	0
336	-1.7	-9.4	0
337	2.2	-9.4	0
338	0.6	-4.4	0
339	-1.7	-7.2	0
340	1.7	-5	0.23
341	0	-7.2	0
342	3.3	-6.1	0
343	0	-9.4	0
344	2.2	-10	0
345	-1.1	-12.2	0
346	1.1	-10	0
347	2.8	-2.2	0
348	2.8	-0.6	0.66
349	2.2	-1.7	0
350	1.1	-6.7	0
351	-1.1	-10	0.13
352	-2.8	-12.8	0.64
353	3.9	-4.4	0
354	2.2	-4.4	0
355	1.1	-10.6	0
356	-5	-15	0
357	-6.7	-14.4	0.03
358	-2.8	-8.3	0
359	-1.1	-6.7	0.2
360	-5	-16.7	0
361	-3.3	-7.2	0
362	-3.3	-8.3	0.23
363	-5	-14.4	0.05
364	-6.1	-18.9	0
365	1.1	-15	0
