#weather for site US Sheep Experiment Station year = 1983
#DOY Tmax(C) Tmin(C) PPT(cm)
1	-2.8	-15.6	0
2	-5	-14.4	0.03
3	-3.9	-14.4	0.05
4	1.1	-6.1	0
5	2.8	-2.8	0
6	1.7	-1.7	0
7	2.8	-1.1	0.38
8	-1.1	-11.7	0
9	-1.1	-11.1	0
10	-0.6	-10	0
11	2.8	-9.4	0
12	1.1	-12.2	0
13	1.1	-9.4	0
14	3.9	-10.6	0
15	6.7	-10	0
16	0	-6.7	0
17	0	-3.3	0.05
18	2.8	-4.4	0.08
19	2.2	-6.7	0
20	-1.7	-10.6	0
21	-1.7	-3.9	0.23
22	0.6	-3.9	0.18
23	1.7	-5.6	0
24	0.6	-3.9	0.23
25	2.8	-3.9	0
26	3.3	-3.9	0.15
27	1.7	-6.7	0.2
28	0.6	-9.4	0.25
29	1.7	-4.4	0
30	3.9	-5	0
31	0.6	-13.3	0
32	-1.7	-15	0
33	-1.7	-16.1	0
34	-2.8	-17.8	0
35	-4.4	-19.4	0
36	-2.8	-16.7	0
37	-0.6	-7.8	0.38
38	-0.6	-11.1	0.05
39	2.8	-4.4	0.18
40	3.9	-9.4	0
41	2.8	-9.4	0
42	5.6	-5	0
43	3.3	-1.7	1.12
44	1.7	-3.9	0
45	2.8	-5	0
46	2.2	-3.3	0.36
47	0.6	-6.7	0.23
48	6.1	-3.9	0.13
49	2.2	-6.7	0
50	6.1	-10.6	0
51	3.3	-6.7	0.1
52	4.4	-5.6	0
53	7.2	-3.9	0
54	7.8	-3.9	0
55	6.1	-3.9	0
56	4.4	-0.6	0.56
57	2.8	-5.6	0.36
58	3.3	-1.1	0.36
59	3.9	-1.1	0.15
60	4.4	1.1	1.02
61	7.2	1.1	0
62	9.4	0.6	0
63	6.7	-1.1	0
64	4.4	-1.1	0
65	3.9	-6.1	0.25
66	6.1	-3.9	0
67	6.1	-1.1	0
68	9.4	1.1	0
69	8.3	2.2	0.18
70	5	-1.1	0
71	3.9	0	0.56
72	5.6	-1.1	1.07
73	4.4	-5	0
74	3.3	-4.4	0
75	3.3	-3.9	0
76	2.2	-5.6	0
77	-1.1	-7.8	0
78	-0.6	-13.3	0
79	2.8	-11.1	0
80	4.4	-7.8	0
81	3.3	-1.1	0.51
82	3.3	-5.6	0
83	3.3	-2.8	0
84	4.4	-5	0
85	3.9	-2.8	1.45
86	2.8	-8.9	0.08
87	5	-8.9	0
88	10	1.1	0.13
89	8.3	-1.1	0
90	5.6	-5	0
91	4.4	-2.2	1.09
92	1.1	-6.7	0
93	2.2	-8.3	0
94	2.8	-8.9	0
95	2.2	-10.6	0
96	4.4	-9.4	0
97	8.9	-1.7	0
98	5	-4.4	0
99	8.9	1.7	0
100	5.6	-0.6	0
101	4.4	-2.8	0
102	3.9	-4.4	0
103	8.3	-4.4	0
104	10	-6.7	0
105	11.7	-4.4	0
106	12.8	-3.3	0
107	15.6	-0.6	0
108	12.8	1.7	0.08
109	16.1	1.7	0
110	15.6	2.2	0
111	14.4	2.2	0
112	14.4	2.2	0.08
113	14.4	2.8	0
114	NA	NA	NA
115	12.2	-3.9	0
116	6.1	-2.2	0.13
117	9.4	-3.9	0.18
118	12.8	-3.3	0
119	13.9	1.7	0.05
120	15	2.8	0
121	15	1.7	0
122	14.4	2.8	0.15
123	12.8	2.2	0.79
124	15.6	0.6	0
125	15	4.4	0.99
126	11.1	2.2	0
127	15	0.6	0
128	15	3.3	0
129	7.2	-4.4	0.08
130	7.8	-6.7	0.23
131	7.8	0	0
132	5	-3.3	0
133	10.6	-2.8	0
134	12.2	-1.7	0
135	11.7	-1.1	0.3
136	10	0	0.97
137	15	1.7	0
138	15	4.4	0
139	15	3.9	0
140	18.3	3.3	0
141	18.9	5	0.03
142	20.6	3.3	0
143	24.4	3.9	0
144	26.1	6.7	0
145	26.7	7.2	0
146	26.7	8.3	0
147	28.3	8.9	0
148	29.4	10.6	0
149	27.8	11.7	0
150	26.7	9.4	0
151	20.6	2.2	0
152	20.6	4.4	0.03
153	22.2	4.4	0
154	20	6.7	1.42
155	20	7.8	0.56
156	20	5	0.33
157	21.1	8.3	0.03
158	22.8	6.1	0
159	23.3	7.8	0
160	23.3	7.8	0
161	23.9	7.8	0
162	22.2	7.2	0.84
163	12.2	3.3	0.61
164	18.3	2.8	0.3
165	20.6	2.2	0
166	21.1	7.2	0
167	20.6	8.3	0
168	25	5.6	0
169	23.3	7.2	0
170	18.3	2.8	0
171	18.3	4.4	0
172	15.6	7.8	0.56
173	25.6	3.9	0
174	27.2	12.8	0
175	26.7	12.2	0
176	26.7	5.6	0
177	27.8	9.4	0
178	23.9	11.1	0.51
179	19.4	8.3	0.28
180	23.3	6.1	0.94
181	21.7	7.8	0.38
182	22.2	12.8	0
183	19.4	6.7	0.15
184	20.6	1.7	0
185	23.3	3.9	0
186	29.4	7.2	0
187	30	15	0.3
188	29.4	16.1	0.03
189	28.9	19.4	0.05
190	26.7	12.8	0.53
191	16.7	5.6	1.35
192	21.7	3.9	0
193	27.8	9.4	0
194	30	12.8	0
195	29.4	12.8	0
196	24.4	5	1.14
197	20.6	2.8	0
198	25.6	8.9	0
199	28.3	11.1	0
200	30	12.8	0
201	29.4	11.1	0
202	28.3	6.7	0
203	28.3	11.1	0
204	26.1	12.8	0.51
205	28.3	10	0
206	26.1	10	0.15
207	27.8	12.8	0
208	28.9	12.2	0
209	28.9	13.9	0
210	30	15	0
211	33.3	15	0
212	32.2	17.2	0
213	28.9	13.3	0
214	30	10	0
215	30.6	11.7	0
216	31.7	13.3	0
217	33.3	12.2	0
218	35.6	15	0
219	36.7	16.7	0
220	35	16.7	0.97
221	32.2	15.6	0
222	32.2	17.2	0
223	32.2	16.1	0
224	29.4	10	0
225	29.4	11.1	0
226	31.1	12.8	0
227	29.4	11.7	0
228	30	11.7	0
229	26.1	14.4	0.51
230	27.8	12.8	0
231	24.4	13.9	0.43
232	24.4	12.2	2.29
233	23.9	10	0
234	24.4	8.9	0.41
235	24.4	10	0.1
236	25.6	9.4	0
237	26.7	10	0
238	27.8	10	0
239	29.4	11.1	0
240	28.9	13.9	0
241	27.8	10	0
242	29.4	12.2	0.13
243	30	11.1	0
244	30.6	11.7	0
245	30.6	12.8	0
246	24.4	6.7	0
247	23.3	7.8	0
248	23.9	7.8	0
249	26.1	4.4	0
250	28.9	10	0
251	26.7	7.8	0
252	23.9	4.4	0
253	21.1	0	0
254	22.8	4.4	0
255	24.4	7.2	0
256	25.6	12.2	0
257	25.6	7.8	0
258	25.6	5	0
259	27.8	7.2	0
260	26.7	7.2	0
261	23.3	7.2	0
262	19.4	3.3	0.38
263	10.6	-7.2	0
264	17.8	-3.3	0
265	21.7	2.2	0
266	22.8	5.6	0
267	23.3	6.1	0
268	24.4	4.4	0
269	25	7.2	0
270	22.8	8.3	1.4
271	16.1	7.2	0.33
272	14.4	5.6	0.18
273	14.4	6.1	2.59
274	11.1	5.6	0.23
275	13.9	5.6	0.51
276	11.1	1.7	0.08
277	17.2	2.2	0
278	18.3	2.8	0
279	21.7	4.4	0
280	19.4	8.3	0
281	19.4	8.3	0
282	17.8	8.3	2.16
283	12.2	6.1	0.05
284	14.4	0.6	0
285	13.9	-0.6	0
286	13.9	3.3	0
287	12.2	3.3	1.17
288	10	2.8	0
289	11.7	-0.6	0
290	12.8	-0.6	0
291	11.7	2.8	0
292	11.7	-4.4	0
293	15.6	0	0
294	17.8	3.3	0
295	17.2	3.3	0
296	15.6	4.4	0
297	12.8	-1.7	0
298	15.6	-2.2	0
299	16.7	1.7	0
300	16.1	2.2	0
301	16.7	0.6	0
302	15.6	1.7	0
303	12.8	3.9	0
303	15.6	0.6	0
304	13.3	4.4	0.36
305	12.2	5	1.4
306	12.2	4.4	0.03
307	13.9	3.9	0
308	10.6	5	0.18
309	12.8	2.8	0.15
310	8.9	0	0.36
311	3.9	-2.8	0
312	2.2	-7.2	0
313	7.2	-1.7	0.05
314	5.6	0.6	1.45
315	4.4	-0.6	0
316	4.4	-1.1	0.41
317	1.7	-5.6	0
318	2.8	-3.9	0
319	3.9	-3.3	0
320	3.3	-2.2	0.66
321	2.2	-3.9	0
322	-0.6	-7.2	0
323	2.2	-7.2	0.74
324	-1.7	-5	0
325	-1.7	-11.1	0
326	-4.4	-8.9	0.18
327	-0.6	-6.7	0.79
328	1.1	-2.8	0.81
329	1.1	-3.9	0
330	-1.7	-12.2	0
331	-3.9	-7.2	0
332	-5.6	-12.8	0.3
333	-7.8	-20.6	0
334	1.7	-8.9	0.48
335	0	-6.7	0
336	-1.7	-5.6	0.94
337	-2.8	-7.2	0
338	-6.7	-20	0
339	-5.6	-15.6	0.2
340	-2.8	-14.4	0
341	0	-8.3	0.08
342	1.1	-2.2	0.38
343	2.8	-1.7	0
344	1.7	-6.7	0.79
345	1.1	-6.7	0.51
346	-3.3	-10	0
347	-3.9	-10.6	0
348	-3.9	-11.1	0
349	-6.7	-11.7	0
350	-7.2	-17.8	0
351	-8.9	-21.1	0
352	-7.8	-18.9	0.05
353	-14.4	-23.3	0
354	-22.2	-28.9	0
355	-25	-29.4	0
356	-21.1	-31.7	0
357	-15	-28.3	0
358	-5.6	-15	0
359	-0.6	-6.7	0.46
360	-1.1	-15	0.03
361	-8.3	-20.6	0
362	-6.7	-20.6	0
363	-1.7	-10	0.2
364	-1.1	-6.7	0.03
365	-2.8	-7.2	0
