#weather for site US Sheep Experiment Station year = 1930
#DOY Tmax(C) Tmin(C) PPT(cm)
1	-1.1	-15	0
2	3.3	-11.1	0
3	5.6	-8.9	0
4	3.9	-6.7	0
5	-2.8	-15	0
6	-2.2	-18.9	0
7	-10	-22.2	0
8	-3.9	-18.9	0
9	-1.1	-14.4	0
10	-3.9	-14.4	0
11	-5.6	-12.2	0.36
12	-8.9	-16.7	0
13	-14.4	-21.1	0
14	-11.1	-23.9	0
15	-11.1	-24.4	0
16	-8.3	-30	0
17	-6.1	-23.3	0
18	-8.3	-18.9	0
19	-11.7	-26.1	0.08
20	-13.3	-29.4	0
21	-8.3	-26.1	0
22	-7.2	-26.1	0
23	-2.8	-21.7	0
24	-1.1	-22.2	0
25	-0.6	-17.8	0.25
26	-4.4	-20	0
27	-2.2	-21.1	0
28	-2.2	-11.1	0.13
29	-0.6	-16.7	0
30	-1.7	-7.2	0
31	-9999	-9999	0
32	4.4	-7.8	0
33	0.6	-13.3	0
34	0.6	-11.1	0
35	1.1	-9.4	0
36	2.8	-3.3	0
37	2.8	-2.8	0
38	5.6	-5.6	0
39	3.3	-12.2	0
40	0.6	-9.4	0
41	6.1	-7.8	0
42	4.4	-12.8	0
43	3.9	-10.6	0
44	6.7	-4.4	0.41
45	5	-6.1	0
46	5.6	-4.4	0
47	7.8	-1.1	0
48	10	-2.2	0
49	10	-1.7	0
50	5	-1.1	0
51	4.4	-5	0.89
52	5	-7.2	0.05
53	1.7	-1.7	0.53
54	2.2	-12.8	0
55	2.2	-11.7	0
56	1.7	-6.7	0.23
57	-2.2	-9.4	0
58	-4.4	-15	0
59	-1.1	-14.4	0
60	-6.1	-17.2	0
61	5.6	-18.9	0
62	8.3	-11.1	0
63	3.3	-3.3	0
64	2.8	-6.1	0
65	1.1	-13.9	0
66	3.9	-9.4	0
67	5	-8.9	0
68	5	-11.1	0
69	5.6	-9.4	0
70	8.9	-6.1	0
71	8.9	-5.6	0.2
72	10.6	-2.2	0
73	11.1	-1.1	0.05
74	10	-3.3	0
75	3.3	-5.6	0
76	10.6	-6.7	0
77	14.4	-6.7	0
78	16.7	-3.9	0
79	10	-3.9	0
80	15.6	0	0
81	5.6	-6.7	0
82	3.3	-3.9	0
83	12.8	-3.3	0
84	5	-1.7	0
85	3.3	-9.4	0
86	10	-7.2	0
87	15	-5.6	0
88	1.7	-3.9	0
89	6.7	-6.7	0
90	14.4	-6.7	0
91	16.7	-3.9	0
92	17.8	-3.3	0
93	17.2	0	0
94	20.6	-1.1	0
95	23.9	2.8	0
96	24.4	4.4	0
97	23.3	5	0.13
98	21.1	3.3	0
99	21.1	0.6	0
100	21.7	3.9	0.08
101	23.3	3.3	0
102	21.1	5.6	0
103	13.9	0.6	0.56
104	7.8	-3.9	0.03
105	13.9	-3.9	0.03
106	13.3	-1.7	0.25
107	13.9	0	0.18
108	18.3	1.7	0
109	21.1	0	0
110	25	3.3	0
111	25	4.4	0
112	26.1	5	0
113	21.1	8.9	0.05
114	14.4	3.3	0.56
115	16.7	1.1	0
116	16.7	3.9	0.05
117	8.9	0	0.46
118	15	-1.1	0
119	20	2.2	0
120	20	0	0
121	23.9	4.4	0
122	17.8	1.7	0.2
123	21.1	2.8	0.03
124	18.9	3.3	0.69
125	10	1.7	1.85
126	12.8	0	0.36
127	8.3	1.1	0.03
128	10	0	0
129	12.2	0	0
130	17.8	-0.6	0
131	19.4	-1.7	0
132	20.6	0.6	0
133	22.8	2.2	0
134	18.9	5.6	0
135	16.7	4.4	0
136	21.1	1.7	0
137	18.3	6.1	0
138	22.2	2.8	0
139	18.3	14.4	0
140	19.4	-0.6	0.51
141	13.9	-3.9	0
142	18.9	-3.3	0
143	23.9	1.7	0
144	20.6	4.4	0
145	23.3	0	0
146	29.4	4.4	0
147	28.9	7.8	0
148	28.3	8.9	0
149	26.1	7.8	0
150	18.3	5.6	0
151	17.2	1.7	0
152	15.6	0.6	0.3
153	20.6	1.7	0
154	16.1	1.7	0.2
155	22.2	0.6	0
156	27.2	3.9	0
157	31.7	7.8	0
158	27.8	10.6	0
159	28.9	4.4	0
160	31.1	7.2	0
161	31.1	7.2	0
162	23.9	5	0
163	18.9	4.4	0
164	23.3	1.7	0
165	30.6	4.4	0
166	34.4	6.7	0
167	33.3	12.8	0
168	30	7.8	0
169	23.9	5	0
170	22.2	8.3	0.66
171	26.7	3.9	0
172	27.8	7.2	1.24
173	22.2	4.4	0.08
174	21.1	5.6	0.05
175	23.9	2.2	0
176	30.6	6.1	0
177	30	5.6	0
178	27.8	6.1	0
179	24.4	6.7	0
180	28.9	5.6	0
181	32.8	7.8	0
182	31.7	16.7	0
183	31.1	11.7	0
184	32.2	12.8	0
185	36.1	13.3	0
186	35.6	14.4	0
187	35	12.8	0
188	37.8	14.4	0
189	35	15.6	0
190	36.1	13.9	0.03
191	29.4	13.3	0.25
192	25	13.9	0.13
193	32.2	10	0
194	33.3	11.1	0
195	35	11.1	0
196	35	16.1	0
197	32.2	9.4	0
198	32.2	11.1	0
199	30.6	11.1	0
200	27.2	8.9	0
201	29.4	10	0
202	31.7	10	0
203	31.7	10	0
204	31.7	11.1	0.05
205	32.2	6.1	0.08
206	31.7	11.1	0
207	31.7	13.9	0
208	33.9	12.8	0
209	34.4	14.4	0
210	34.4	13.9	0
211	33.9	11.1	0
212	31.1	10	0.08
213	30	14.4	0
214	30	13.3	0.05
215	31.1	11.1	0.41
216	32.8	12.2	0.28
217	33.3	12.2	0.05
218	32.2	15	0.56
219	31.1	12.8	0.18
220	27.2	15.6	0.36
221	25.6	15	0.13
222	25.6	14.4	0.2
223	25.6	15	0.18
224	22.2	12.8	1.04
225	22.8	12.2	1.02
226	26.7	11.1	0.86
227	27.8	10	0.36
228	26.7	8.3	0.69
229	27.2	8.9	0
230	28.3	10.6	0
231	27.8	12.2	0
232	29.4	8.9	0
233	27.2	10	0
234	29.4	8.9	0.15
235	28.9	9.4	0
236	30.6	9.4	0
237	28.3	13.9	0
238	27.2	9.4	0
239	28.3	7.2	0
240	30	10	0
241	30.6	8.3	0
242	27.2	10	0
243	22.8	2.2	0
244	27.8	4.4	0
245	30	7.2	0
246	29.4	8.3	0
247	24.4	10	1.63
248	21.1	7.2	0.41
249	25	7.2	2.44
250	24.4	7.8	0
251	25	8.9	0
252	24.4	7.8	0
253	22.2	6.7	0
254	20	3.3	0
255	20.6	1.7	0
256	21.7	5	0
257	23.3	3.3	0
258	25.6	6.1	0
259	27.2	7.2	0
260	27.8	6.1	0
261	26.7	4.4	0
262	27.2	6.1	0
263	27.2	5	0
264	26.7	7.8	0
265	13.9	1.7	0.71
266	13.9	-2.8	0
267	14.4	0	0
268	16.7	-2.2	0
269	20	0	0
270	22.8	0	0
271	23.9	4.4	0
272	21.1	7.8	0
273	17.8	5	0.71
274	17.2	3.3	1.4
275	13.9	2.8	0
276	14.4	6.1	0.1
277	17.8	4.4	0
278	14.4	6.1	0
279	14.4	6.7	0.15
280	15	4.4	0.2
281	12.2	0	0
282	12.8	1.7	0.81
283	8.3	0.6	1.78
284	10	-2.8	0.58
285	12.8	-1.7	0
286	8.9	-0.6	0
287	5.6	-5.6	0
288	6.1	-8.9	0
289	10.6	-5.6	0
290	15.6	-1.7	0
291	-9999	-9999	0
292	16.7	-1.7	0
293	16.7	1.1	0
294	16.1	-1.7	0
295	14.4	-3.3	0
296	15	-1.1	0
297	9.4	0.6	0.18
298	5	-5.6	0
299	12.2	-2.2	0
300	9.4	-7.2	0
301	12.2	-6.1	0
302	14.4	1.1	0
303	15	-3.3	0
304	15.6	-3.9	0
305	16.1	-2.8	0
306	17.2	-4.4	0
307	20.6	-1.1	0
308	16.7	-2.2	0
309	14.4	-3.9	0
310	15	-2.8	0
311	16.1	-1.7	0
312	14.4	-2.2	0
313	14.4	-2.8	0
314	10	-5.6	0
315	9.4	-2.2	0
316	7.8	-4.4	1.32
317	3.3	-11.7	0.84
318	-6.7	-12.8	0.05
319	1.7	-8.3	0.56
320	1.1	-16.7	0.25
321	-2.2	-13.3	0.05
322	-4.4	-17.8	0
323	-6.7	-16.1	0
324	-4.4	-15.6	0.1
325	-1.1	-16.7	0
326	0	-13.3	0
327	0	-15	0
328	-0.6	-15	0
329	1.7	-17.8	0
330	3.3	-13.3	0
331	3.3	-12.8	0
332	1.1	-17.8	0
333	-1.7	-13.3	0
334	3.3	-9.4	0
335	1.1	-12.2	0
336	-1.7	-5.6	0
337	-2.2	-6.7	0
338	7.8	-9.4	0.15
339	-5.6	-12.8	0
340	-4.4	-18.9	0
341	2.2	-17.2	0
342	3.3	-11.1	0
343	-1.1	-14.4	0
344	3.3	-9.4	0
345	1.1	-13.3	0
346	-0.6	-6.1	0.2
347	0	-11.1	0
348	-2.2	-11.1	0
349	-3.3	-9.4	0.05
350	-6.7	-13.3	0
351	-6.7	-19.4	0
352	-4.4	-17.8	0
353	-6.7	-20.6	0
354	-7.2	-17.8	0.03
355	-7.2	-13.9	0
356	-6.7	-20	0
357	-11.7	-20	0
358	-1.1	-17.2	0
359	-4.4	-15.6	0
360	-4.4	-18.3	0
361	-1.1	-18.3	0
362	-1.7	-16.7	0
363	-2.2	-18.9	0
364	-3.3	-17.8	0
365	-5	-13.3	0
