#weather for site US Sheep Experiment Station year = 1951
#DOY Tmax(C) Tmin(C) PPT(cm)
1	-5	-15.6	0.46
2	-1.7	-16.1	0.08
3	-2.8	-12.2	0
4	-7.2	-17.2	0
5	-7.8	-16.1	0
6	-1.7	-17.2	0
7	-2.8	-14.4	0
8	-5.6	-11.1	0
9	-2.8	-11.1	0.08
10	-2.8	-7.2	0
11	-1.1	-13.3	0
12	-7.2	-10.6	0
13	-1.7	-9.4	0
14	2.8	-7.8	0
15	0	-12.8	0
16	1.7	-9.4	0
17	0.6	-7.8	0.46
18	-4.4	-12.8	0
19	-7.2	-15	0
20	-6.1	-14.4	0
21	3.9	-8.3	0
22	-2.8	-13.9	0
23	-1.7	-10	0
24	2.2	-7.8	0
25	1.7	-5.6	0
26	-9999	-9999	0
27	-1.1	-27.2	0
28	-16.1	-28.3	0
29	-13.9	-23.3	0
30	-13.9	-24.4	0
31	-16.1	-28.9	0
32	-10.6	-21.1	0
33	-2.8	-12.8	0
34	-1.7	-9.4	0.08
35	-1.7	-4.4	0
36	-0.6	-12.8	0
37	1.1	-5	0.2
38	1.1	-1.7	0
39	2.2	-3.3	0
40	6.7	-1.7	0
41	4.4	-3.9	0
42	4.4	-4.4	0
43	0	-12.2	0
44	2.2	-12.2	0
45	3.3	-8.9	0
46	1.1	-10	0
47	0.6	-11.1	0
48	-1.1	-12.2	0
49	-1.1	-10	0
50	-1.7	-6.1	0
51	-2.2	-7.8	0
52	1.7	-5	0
53	-1.1	-7.2	0
54	6.7	-7.2	0.74
55	-1.7	-7.2	0.13
56	-2.2	-12.8	0
57	-3.3	-13.9	0.03
58	-5	-11.1	0
59	-5	-15	0
60	-5.6	-10.6	0
61	-7.2	-15	0
62	-7.8	-10	0
63	-5.6	-12.2	0
64	-0.6	-13.3	0
65	-1.7	-12.2	0.3
66	-0.6	-10.6	0
67	2.2	-8.9	0
68	2.8	-18.9	0
69	-2.2	-18.3	0
70	-2.2	-14.4	0
71	2.8	-7.2	0
72	0	-6.1	0
73	1.1	-5.6	0
74	-2.8	-10	0
75	-5	-15.6	0
76	-2.2	-13.9	0
77	2.2	-9.4	0
78	3.3	-9.4	0
79	7.2	-4.4	0
80	5.6	-6.7	0
81	6.7	-12.8	0
82	4.4	-8.9	0
83	5.6	-4.4	0
84	6.7	-0.6	0
85	5	-5.6	0
86	3.3	-8.3	0
87	2.8	-7.8	0
88	3.9	-2.8	0.25
89	8.9	-1.7	0
90	8.9	-5	0
91	9.4	-2.2	0
92	11.1	-1.7	0
93	15	-1.1	0
94	14.4	2.2	0
95	13.9	1.1	0
96	16.1	0	0
97	15	1.7	0
98	14.4	1.7	0
99	10	-3.9	0
100	11.1	-6.7	0
101	16.7	-2.8	0
102	21.1	-1.1	0
103	20	-0.6	0
104	11.1	-5.6	0
105	16.7	-3.3	0
106	20	0.6	0
107	19.4	0	0
108	18.9	2.2	0
109	13.9	-8.3	0
110	6.7	-8.9	0
111	15	-5	0
112	12.8	2.8	0
113	12.8	1.7	0.08
114	15	2.8	0.08
115	14.4	2.2	0
116	15.6	3.3	0.51
117	14.4	5	0.33
118	7.2	1.1	0.51
119	NA	NA	NA
120	5.6	0	0.18
121	7.8	-0.6	0
122	10.6	-3.3	0
123	16.7	-1.7	0
124	22.8	6.1	0
125	23.3	2.8	0
126	22.2	8.9	0.05
127	11.1	5.6	0.97
128	11.7	5	0.2
129	17.8	3.3	0
130	19.4	2.8	0
131	21.1	4.4	0
132	15	3.3	0.74
133	8.9	-1.1	0.48
134	13.9	-2.8	0
135	19.4	2.8	0
136	21.1	3.3	0
137	21.7	3.9	0
138	21.1	7.2	0
139	18.9	3.9	0
140	18.3	6.7	0
141	21.1	7.2	0
142	22.8	6.1	0
143	24.4	8.3	0
144	22.2	5.6	0
145	21.7	5	0
146	24.4	10	0
147	28.3	8.9	0
148	20.6	8.9	0.13
149	21.1	2.2	0
150	20.6	5.6	0
151	8.9	0	0.48
152	8.3	0.6	0
153	10	-0.6	0
154	15.6	-1.1	0
155	17.2	1.1	0
156	17.2	6.1	0.3
157	15	1.1	0
158	14.4	-1.1	0.1
159	17.8	0	0
160	15.6	1.1	0
161	22.2	4.4	0
162	21.7	6.1	0
163	18.3	9.4	0.05
164	20	7.2	0.33
165	24.4	8.3	0
166	29.4	7.8	0
167	28.3	11.7	0
168	26.1	11.1	0
169	25.6	8.9	0
170	25.6	5	0
171	24.4	7.8	0
172	21.1	7.8	0
173	20	6.7	0.08
174	19.4	1.1	0.05
175	24.4	7.8	0
176	22.8	7.8	0
177	20	2.2	0
178	24.4	7.2	0
179	23.9	8.9	0
180	23.3	6.1	0
181	23.3	3.3	0
182	25.6	8.9	0
183	25.6	9.4	0
184	30.6	9.4	0
185	30.6	14.4	0
186	30.6	8.9	0
187	29.4	7.8	0
188	30	8.3	0
189	28.3	5.6	0
190	26.7	10	0
191	22.8	7.8	0.41
192	18.9	5.6	0.05
193	26.1	4.4	0
194	32.8	8.9	0
195	34.4	13.3	0
196	35	11.7	0
197	35	15.6	0
198	35	16.1	0
199	35.6	13.9	0
200	35	17.8	0
201	29.4	13.3	0.56
202	27.2	11.1	0
203	28.3	10	0
204	32.8	11.1	0
205	33.3	15	0
206	32.2	13.3	0.05
207	32.8	12.2	0
208	32.2	15	0.86
209	28.9	12.8	0
210	26.7	11.7	1.27
211	28.9	10	0.03
212	32.2	13.3	0
213	31.7	15.6	0
214	32.2	13.3	0
215	29.4	17.2	0
216	22.8	15	1.7
217	23.3	10	0.25
218	25	8.3	0.61
219	22.2	6.7	0.41
220	20	9.4	0
221	23.3	5	0
222	26.7	10.6	0
223	31.1	10.6	0
224	28.9	10	0
225	27.8	9.4	0
226	26.1	10.6	0
227	27.8	7.8	0
228	32.2	10	0
229	32.2	14.4	0
230	31.1	15.6	0
231	29.4	14.4	0
232	29.4	10	0
233	26.1	8.9	0.08
234	24.4	10.6	1.68
235	23.3	10	0.05
236	20.6	7.2	0.18
237	18.9	2.8	0
238	23.3	3.3	0
239	22.8	11.1	0
240	24.4	11.7	0
241	20.6	8.9	0.56
242	18.3	4.4	0
243	20.6	1.7	0
244	22.2	3.9	0
245	22.2	7.2	0
246	21.1	7.2	0
247	23.3	6.1	0
248	26.1	8.9	0
249	25	12.8	0
250	27.8	7.8	0
251	26.1	9.4	0
252	21.7	6.1	0
253	27.2	6.1	0
254	23.9	6.7	0
255	14.4	0	0
256	20.6	0.6	0
257	24.4	5.6	0
258	24.4	6.7	0
259	26.7	5	0
260	26.1	9.4	0
261	23.9	10.6	0
262	26.7	5.6	0
263	25.6	5.6	0
264	14.4	-1.7	0
265	16.7	3.9	0
266	17.8	3.3	0
267	22.8	2.8	0
268	21.1	6.1	0
269	18.3	-1.1	0
270	21.1	-1.1	0
271	23.9	7.2	0
272	21.1	5	0
273	22.8	10.6	0
273	19.4	7.8	0
274	16.1	5.6	0
275	12.8	3.3	0.58
276	5.6	1.7	0.76
277	13.3	2.2	0
278	11.1	0	0
279	17.2	4.4	0
280	20	2.8	0
281	21.1	3.3	0
282	23.3	4.4	0
283	21.7	5	0.28
284	12.2	2.2	0.41
285	11.7	1.7	0.03
286	15.6	0.6	0
287	12.8	3.3	0.15
288	6.1	2.2	0
289	8.9	-6.1	0
290	8.3	-5	0
291	7.8	1.7	0
292	7.2	0	0.08
293	3.3	-3.9	0.03
294	2.2	-6.1	0.38
295	7.2	-3.9	0
296	7.8	0	0.51
297	4.4	1.7	0.1
298	8.3	-3.3	0
299	8.9	-3.9	0
300	10	-3.3	0
301	10	-2.8	0
302	3.9	-7.2	0
303	2.2	-7.2	0
304	-1.7	-12.2	0
305	-3.9	-16.1	0
306	1.1	-7.8	0
307	9.4	-5.6	0
308	6.1	-8.9	0
309	6.1	-8.3	0
310	10	-3.9	0
311	9.4	-2.2	0
312	7.2	-5	0
313	11.7	0.6	0
314	8.3	-2.2	0
315	3.9	-3.3	0.05
316	1.7	-9.4	0
317	1.1	-6.7	0
318	-1.1	-10	0
319	-2.2	-13.9	0
320	1.1	-13.3	0
321	3.9	-11.1	0
322	5	-7.8	0
323	1.7	-3.3	0.13
324	1.1	-3.3	0.3
325	-1.1	-5	0
326	-2.2	-5	0
327	1.1	-9.4	0
328	-3.3	-6.7	0
329	0.6	-4.4	0.13
330	1.1	-1.7	0.03
331	2.8	-0.6	0.03
332	6.1	-3.9	0
333	7.2	0	0.1
334	5	-1.7	0.13
335	0.6	-4.4	1.19
336	-2.8	-11.1	0
337	-3.9	-6.1	0.48
338	-2.8	-7.2	0.53
339	-7.2	-13.9	0
340	-8.3	-18.3	0
341	-15	-22.8	0
342	-12.2	-21.7	0
343	-6.7	-16.7	0.15
344	-7.2	-14.4	0
345	-5	-11.1	0
346	-5.6	-16.1	0
347	-8.3	-18.9	0.08
348	-7.8	-12.8	0.1
349	-6.1	-12.2	0.1
350	-7.8	-16.7	0
351	-3.3	-9.4	0.1
352	-1.7	-18.3	0
353	-12.2	-19.4	0
354	-9.4	-19.4	0
355	-3.9	-13.3	0.38
356	-6.7	-18.3	0
357	-7.8	-12.8	0
358	-8.9	-18.9	0.13
359	-3.9	-10.6	0
360	0	-5	0.3
361	0.6	-6.1	0
362	-1.1	-6.1	0
363	-1.7	-6.1	0
364	-6.1	-16.7	0
365	-12.2	-20	0
