#weather for site US Sheep Experiment Station year = 1967
#DOY Tmax(C) Tmin(C) PPT(cm)
1	-7.8	-17.8	0
2	-7.8	-13.9	0
3	-3.3	-8.9	0
4	0	-10	0.28
5	-5.6	-16.7	0
6	-7.2	-22.2	0
7	-8.9	-16.7	0.05
8	-2.8	-9.4	0
9	1.1	-6.7	0
10	-1.7	-9.4	0
11	-3.3	-7.8	0
12	-1.7	-6.1	0
13	0	-6.7	0
14	1.7	-2.8	0
15	0.6	-8.9	0
16	-5	-15	0
17	-7.2	-16.7	0
18	-1.1	-9.4	0
19	1.1	-2.8	0
20	0.6	-1.1	0.46
21	1.1	-3.3	0.48
22	-3.3	-7.8	0
23	-5	-16.1	0
24	0.6	-6.7	0.33
25	-3.3	-7.2	0.18
26	0	-5	0.08
27	2.8	0	0.15
28	1.7	0	0.61
29	0.6	-4.4	0
30	1.1	-4.4	0.18
31	-1.1	-12.2	0
32	-1.1	-6.7	0
33	-2.8	-8.9	0
34	-1.1	-5	0
35	1.1	-7.8	0
36	-2.8	-11.1	0
37	-1.7	-8.9	0
38	-3.3	-12.2	0
39	-1.1	-11.1	0
40	1.1	-10	0
41	-0.6	-13.3	0
42	-0.6	-6.1	0
43	6.1	-5.6	0
44	2.8	-6.1	0
45	-5.6	-18.3	0.05
46	-6.7	-13.9	0
47	0	-11.1	0.13
48	-1.1	-9.4	0
49	-2.8	-11.1	0
50	-4.4	-16.1	0
51	0	-13.3	0
52	-3.3	-15	0
53	1.1	-8.9	0
54	2.8	-8.3	0
55	3.9	-3.9	0
56	5.6	-2.2	0
57	1.7	-7.8	0
58	3.3	-6.7	0
59	4.4	-4.4	0
60	3.3	-6.1	0
61	-2.2	-10.6	0
62	-3.3	-12.2	0
63	2.8	-11.7	0
64	1.1	-11.1	0
65	-3.9	-16.7	0
66	-0.6	-12.2	0
67	5	-6.1	0
68	4.4	0.6	0
69	5	1.1	0.03
70	1.1	-3.9	1.04
71	0	-5	0.79
72	4.4	-7.2	0.03
73	2.2	-10	0
74	3.3	-4.4	0
75	6.7	0.6	0.2
76	6.7	-2.2	0
77	5	-5	0
78	2.2	-7.2	0
79	4.4	-2.2	0
80	8.9	-2.8	0
81	10	1.7	0
82	8.3	-2.2	0
83	4.4	-7.8	0
84	4.4	0.6	0
85	6.7	-7.2	0
86	7.8	-1.1	0.05
87	4.4	-1.1	0.38
88	0.6	-10	0
89	2.8	-6.7	0.03
90	5	-2.2	0.13
91	6.1	-7.2	0
92	11.7	-6.7	0
93	14.4	-1.1	0
94	13.3	0	1.35
95	5.6	-6.7	0.25
96	9.4	-3.3	0
97	8.9	-0.6	0.3
98	9.4	-1.7	0
99	13.3	-0.6	0
100	11.7	0.6	0.08
101	11.1	-2.8	0.1
102	13.9	-3.9	0
103	12.8	1.7	0
104	8.3	-4.4	0
105	6.7	-3.3	0
106	11.1	-2.2	0
107	16.7	0	0
108	14.4	-0.6	0.18
109	2.2	-3.9	0.58
110	3.9	-5	0
111	9.4	-7.2	0.08
112	8.3	-5	0
113	5	-1.1	0.46
114	8.9	-4.4	0.05
115	9.4	-0.6	0.1
116	11.7	1.7	0
117	8.9	0	0.25
118	3.9	-5	0
119	2.2	-6.7	0.03
120	NA	NA	NA
121	7.2	-6.1	0
122	7.2	-5	0
123	7.2	-3.3	0
124	10	-3.9	0
125	12.8	0.6	0
126	17.2	-1.1	0
127	20	2.8	0
128	21.7	2.8	0
129	21.1	5.6	0
130	20	3.9	2.69
131	9.4	-4.4	0
132	8.3	2.8	0
133	9.4	-3.9	0
134	14.4	3.9	0
135	17.8	9.4	0
136	20	3.3	0
137	23.9	4.4	0
138	22.8	7.2	0
139	21.1	8.9	0
140	22.2	3.3	0
141	25.6	8.3	0
142	28.9	6.1	0
143	28.9	8.9	0
144	26.1	10	0
145	23.9	7.2	0
146	20.6	4.4	0
147	22.8	6.7	0
148	20.6	7.2	0
149	16.7	8.9	1.63
150	16.7	5	0
151	17.8	3.3	0.13
152	19.4	8.3	0.18
153	17.8	5.6	1.47
154	20	3.9	0.13
155	21.7	4.4	0
156	17.8	7.2	0.13
157	17.2	4.4	0
158	13.3	5	0.64
159	15.6	6.7	0.18
160	14.4	8.9	0.08
161	15.6	5.6	0.28
162	15	6.1	0.91
163	15.6	6.1	0.13
164	16.7	7.8	0.64
165	16.1	7.8	0.51
166	19.4	9.4	0.18
167	21.7	6.1	0
168	22.8	6.1	0
169	24.4	6.7	0.05
170	26.7	11.1	0
171	26.7	12.2	0
172	18.9	8.9	0.99
173	20	7.2	1.88
174	17.2	6.7	0.18
175	18.9	5	0
176	23.3	8.9	0
177	26.1	9.4	0
178	24.4	10.6	1.57
179	22.2	10	0.1
180	26.7	8.9	0
181	28.3	10	0.05
182	27.2	11.1	0
183	28.9	11.7	0
184	25	11.1	0.03
185	26.1	8.3	0.05
186	28.9	10	0.05
187	28.3	11.7	0
188	25	10	1.47
189	22.8	10	0
190	26.7	10	1.02
191	28.3	11.1	0
192	30.6	12.8	0
193	32.2	13.9	0
194	32.8	13.3	0
195	31.1	15.6	0
196	28.9	11.1	0
197	30.6	13.9	0
198	25.6	12.2	2.79
199	25	8.3	0.18
200	26.7	10.6	0
201	28.3	10	0
202	30	9.4	0
203	29.4	13.3	0
204	31.7	12.8	0
205	30.6	13.9	0
206	30.6	10.6	0
207	29.4	10.6	0.08
208	27.8	12.2	0.18
209	30.6	10	0
210	30.6	13.9	0
211	29.4	13.3	0.71
212	27.8	12.8	0
213	28.9	12.2	0
214	29.4	12.8	0
215	31.7	12.8	0
216	30.6	11.7	0.51
217	27.2	11.7	0.28
218	32.2	10.6	0
219	32.2	12.8	0
220	27.2	10	0
221	28.3	9.4	0
222	30.6	11.1	0
223	31.7	11.1	0
224	31.1	12.8	0
225	31.1	12.2	0
226	31.1	13.3	0
227	32.2	12.8	0
228	33.9	11.1	0
229	33.3	15	0
230	32.2	10.6	0
231	32.2	12.8	0
232	32.2	11.7	0
233	29.4	12.2	0
234	29.4	11.1	0
235	33.3	12.2	0
236	33.9	12.8	0
237	32.2	13.9	0
238	32.2	11.7	0
239	30	15	0
240	29.4	10	0
241	30.6	13.3	0
242	28.3	11.1	0
243	28.9	7.8	0
244	31.7	10	0
245	32.2	12.8	0
246	31.7	12.2	0
247	31.7	11.1	0
248	31.7	13.9	0
249	31.1	10.6	0.08
250	27.8	13.3	0
251	26.7	10.6	0
252	25	11.1	0.1
253	23.9	8.3	0
254	21.1	8.3	0
255	13.9	1.7	0
256	15.6	1.1	0
257	21.1	3.9	0
258	21.7	7.2	0
259	21.7	6.7	0
260	20.6	5.6	0
261	18.3	3.3	0
262	22.8	2.2	0
263	25	8.3	0
264	26.7	7.8	0
265	26.7	7.8	0
266	27.8	8.9	0
267	27.2	10	0
268	25.6	7.8	0
269	25	10	0
270	26.1	7.8	0
271	27.2	8.3	0
272	26.7	9.4	0
273	18.3	10.6	0.15
274	13.9	2.2	0.03
275	13.3	1.7	0.03
276	16.1	1.7	0.03
277	17.8	-3.3	0
278	18.9	5.6	0.28
279	11.7	1.1	0.51
280	13.9	-0.6	0
281	17.8	1.7	0
282	20	3.9	0
283	19.4	3.3	0
284	21.7	4.4	0
285	20.6	3.9	0.61
286	17.2	0	0
287	17.2	-1.7	0.03
288	10	-3.3	0
289	12.8	-1.7	0
290	16.7	0	0
291	17.8	1.1	0
292	16.1	1.1	0
293	15.6	0	0
294	19.4	2.8	0
295	16.7	0	0
296	10	0	0
297	7.2	-6.1	0
298	12.8	1.1	0
299	11.1	-4.4	0
300	7.2	-5	0
301	8.9	2.8	0.25
302	7.2	-4.4	0
302	7.8	-5	0
303	7.8	-1.7	0
304	10.6	0.6	0
305	7.2	-6.1	0
306	0.6	-13.3	0
307	5.6	-8.9	0
308	7.2	-9.4	0
309	9.4	-7.2	0
310	9.4	-6.7	0
311	9.4	-0.6	0
312	7.8	-3.3	0
313	4.4	-2.2	0
314	11.7	-1.7	0
315	12.2	5.6	0
316	13.9	5	0
317	14.4	5	0
318	10	-1.1	0
319	8.3	-3.3	0
320	10.6	-4.4	0
321	8.3	-2.8	0
322	5.6	0	1.47
323	0.6	-3.9	0.05
324	1.1	-5.6	0
325	-1.7	-8.9	0.1
326	2.8	-7.8	0.05
327	4.4	-4.4	0
328	1.7	-10	0
329	-3.9	-14.4	0
330	-3.3	-18.3	0
331	-2.8	-7.8	0
332	-3.3	-6.1	0.03
333	-1.7	-8.3	0.56
334	-3.9	-16.1	0
335	-0.6	-16.1	0
336	0	-10	0
337	1.1	-7.2	0
338	0	-4.4	0.05
339	-2.8	-17.8	0
340	-4.4	-16.1	0.05
341	-1.7	-8.9	0
342	-8.3	-20.6	0.1
343	-5.6	-12.2	0.1
344	-2.2	-10.6	0.08
345	-7.8	-18.3	0
346	-12.2	-20.6	0
347	-12.2	-17.8	0
348	0	-15	0
349	-3.9	-19.4	0
350	-7.8	-16.1	0
351	-6.7	-17.8	0.28
352	-4.4	-6.7	0.28
353	-6.7	-16.1	0
354	-13.3	-23.3	0
355	-7.2	-18.9	0
356	-1.7	-9.4	0
357	-3.3	-9.4	0
358	-1.1	-6.1	0.05
359	1.7	-6.1	0
360	-3.9	-12.8	0
361	0	-12.2	0
362	-4.4	-8.3	0
363	-5	-13.9	0.2
364	-8.9	-18.9	0
365	-6.7	-12.2	0
