#weather for site US Sheep Experiment Station year = 1965
#DOY Tmax(C) Tmin(C) PPT(cm)
1	-5.6	-17.8	0
2	-1.1	-11.7	0
3	-9999	-9999	0
4	2.2	-6.1	0
5	2.2	-1.1	0.15
6	0.6	-5.6	0.89
7	-4.4	-18.3	0.03
8	-6.1	-11.1	0.03
9	-5.6	-11.7	0.1
10	-3.9	-11.1	0.15
11	-5.6	-11.1	0
12	-3.9	-7.8	0
13	-2.8	-6.7	0
14	0.6	-9.4	0
15	1.7	-6.7	0
16	3.3	-6.7	0
17	1.1	-6.1	0
18	1.7	-7.8	0
19	3.3	-11.1	0
20	-2.2	-9.4	0.13
21	-5.6	-16.1	0.2
22	-3.9	-13.9	0
23	-1.1	-5.6	0.46
24	-1.1	-15	0
25	-8.9	-20	0
26	-5.6	-11.1	0
27	-1.1	-7.8	0
28	2.8	-4.4	0.05
29	0.6	-3.9	0
30	0.6	-7.2	0
31	-5	-15.6	0
32	-5.6	-17.2	0
33	1.1	-12.2	0
34	2.2	-7.2	0
35	1.1	-5.6	0
36	1.1	-3.9	0
37	-1.7	-11.7	0
38	-5.6	-13.9	0
39	-4.4	-8.3	0
40	-6.1	-13.9	0
41	-10	-19.4	0
42	-5	-14.4	0
43	-6.7	-16.1	0
44	-4.4	-12.2	0.05
45	-7.2	-18.3	0
46	-2.8	-9.4	0
47	1.7	-6.1	0
48	2.8	-5	0
49	1.7	-1.7	0
50	2.2	-2.2	0
51	1.1	-9.4	0
52	1.7	-5.6	0
53	-2.8	-13.3	0
54	-2.2	-12.2	0
55	1.1	-10.6	0
56	3.3	-7.2	0
57	4.4	-1.1	0.03
58	1.1	-10	0
59	-3.3	-12.8	0
60	-1.1	-12.8	0
61	0.6	-10.6	0
62	2.2	-10.6	0
63	4.4	-9.4	0
64	4.4	-5	0
65	3.9	-8.9	0
66	3.3	-5.6	0
67	2.2	-6.1	0
68	2.8	-7.2	0
69	1.7	-8.3	0
70	0	-5.6	0
71	1.7	-10	0
72	1.7	-8.3	0
73	1.1	-10.6	0
74	3.3	-8.3	0
75	-2.2	-17.8	0
76	-8.9	-22.2	0
77	-7.2	-18.3	0
78	-3.3	-18.9	0
79	1.1	-11.7	0
80	3.3	-4.4	0
81	1.7	-15.6	0
82	-9.4	-20	0
83	-4.4	-19.4	0
84	4.4	-10.6	0
85	4.4	-6.7	0
86	3.9	-9.4	0
87	5	-3.9	0
88	11.7	-1.1	0
89	11.7	1.1	0
90	13.9	2.8	0.05
91	6.7	0	1.37
92	5.6	-0.6	0.03
93	7.8	-2.2	0
94	10	-1.7	0
95	10	-2.2	0.36
96	5.6	-0.6	1.14
97	6.1	0	0.94
98	5.6	0	0.94
99	7.2	-1.7	0
100	7.2	-0.6	0
101	10	-2.8	0
102	10.6	-2.8	0
103	11.7	1.7	0
104	12.8	-1.7	0
105	13.9	1.1	0
106	11.7	-2.8	0
107	11.1	-4.4	0
108	16.1	1.7	0
109	17.2	5	0
110	16.7	4.4	0.08
111	15	3.9	0
112	12.2	3.3	0.58
113	12.8	-0.6	0.08
114	12.8	2.2	0
115	NA	NA	NA
116	12.8	3.3	0
117	14.4	-0.6	0
118	18.3	0	0
119	18.3	5	0.08
120	18.9	3.9	0.46
121	18.3	3.9	0
122	14.4	-0.6	0
123	12.8	-2.8	0
124	15	-1.1	0
125	12.8	-0.6	0
126	6.1	-5	0.18
127	8.3	-1.1	0
128	7.2	0	0
129	12.2	0	0
130	15.6	-0.6	0
131	18.3	-1.7	0
132	20	1.1	0
133	20	5	0
134	19.4	7.2	0
135	19.4	3.3	0
136	21.7	6.1	0
137	20	2.2	0
138	15.6	-1.1	0
139	19.4	1.7	0
140	18.3	5.6	0
141	17.2	4.4	0.56
142	12.8	5	0.08
143	12.2	2.8	0
144	12.2	3.3	0
145	12.8	1.7	0
146	15	2.8	0
147	17.8	0	0
148	21.1	0	0
149	23.3	5.6	0
150	24.4	9.4	0
151	20.6	4.4	0
152	16.7	5.6	0.74
153	20	4.4	0
154	22.8	5.6	0
155	23.3	7.8	0
156	21.7	5	0
157	21.7	6.1	0.03
158	23.9	7.2	0.46
159	25.6	8.3	0
160	25.6	11.1	0
161	26.1	9.4	0
162	27.2	9.4	0
163	25	10.6	0
164	21.7	2.8	0.46
165	16.7	5	0
166	16.1	3.9	0.1
167	15.6	9.4	0.51
168	13.9	6.7	0.36
169	19.4	3.9	0
170	22.2	4.4	0
171	23.3	9.4	0
172	26.7	7.2	0
173	27.8	10.6	0
174	28.3	8.3	0
175	24.4	8.9	0
176	15	9.4	1.5
177	13.9	8.3	2.08
178	15	4.4	0.53
179	20	2.8	0
180	22.2	5	0
181	26.1	6.1	0
182	25	9.4	0.05
183	22.2	8.9	0
184	25	8.3	0
185	24.4	10	1.22
186	23.3	7.2	0.13
187	27.2	9.4	0
188	27.2	10	0.38
189	25.6	8.9	0.15
190	27.8	11.1	0
191	27.2	10.6	0
192	25.6	11.1	0
193	25	8.9	0
194	25.6	6.1	0
195	28.9	8.3	0
196	31.1	11.7	0
197	31.1	14.4	0
198	28.9	14.4	0.18
199	27.2	11.1	0.23
200	24.4	11.1	0
201	24.4	11.7	0.05
202	27.8	10	0.03
203	27.2	8.3	0
204	26.7	7.8	0
205	28.3	10	0
206	27.8	16.1	0
207	27.2	8.9	0
208	30.6	10.6	0
209	31.7	13.3	0
210	32.8	13.9	0
211	28.3	15	0
212	27.8	11.1	0
213	28.9	12.2	0
214	29.4	10	0
215	27.8	11.7	0
216	26.1	10	0
217	27.2	8.3	0
218	27.2	10.6	0
219	29.4	11.1	0
220	33.3	14.4	0
221	32.8	10.6	0
222	31.7	16.1	0
223	31.1	12.2	0
224	31.1	16.1	0
225	27.8	13.3	0
226	26.7	7.2	0
227	26.1	11.1	0
228	28.9	10	0
229	30	13.3	0
230	29.4	12.2	0
231	27.2	12.8	1.4
232	23.9	8.9	3.78
233	21.1	10	0.15
234	18.9	10	0.51
235	20	8.3	0.23
236	23.9	6.1	0.03
237	23.9	10	0
238	22.2	4.4	0
239	26.1	5.6	0
240	26.1	11.1	0
241	19.4	2.8	0
242	17.8	1.1	0
243	21.1	3.3	0
244	25.6	5.6	0
245	25.6	6.7	0
246	24.4	4.4	0
247	24.4	1.1	0
248	17.2	6.1	0
249	16.7	6.7	0
250	20.6	7.2	0.08
251	18.9	5.6	0.25
252	18.3	3.3	0
253	22.8	5	0
254	24.4	5.6	0
255	23.3	6.1	0
256	21.1	3.3	0
257	16.7	3.3	0
258	15.6	6.7	0.13
259	8.9	-3.3	0
260	3.3	-4.4	0
261	6.7	-10	0
262	13.9	-3.9	0.08
263	12.2	0.6	0
264	10.6	0.6	0
265	10	5	0
266	13.3	-1.1	0
267	18.3	1.1	0
268	19.4	0.6	0
269	21.7	1.1	0
270	18.9	9.4	0
271	13.9	2.8	0.05
272	13.3	2.2	0
273	15.6	-3.3	0
274	17.8	0.6	0
275	22.2	3.9	0
276	23.9	5.6	0
277	23.3	3.3	0
278	20.6	7.8	0
279	18.3	1.1	0
280	21.1	2.2	0
281	21.7	5	0
282	23.9	4.4	0
283	22.8	4.4	0
284	20.6	5.6	0
285	18.9	2.2	0
286	17.8	5.6	0
287	19.4	2.2	0
288	15	2.8	0.23
289	8.9	-0.6	0.08
290	7.8	-4.4	0
291	11.1	-3.9	0
292	13.3	1.1	0
293	12.2	-3.3	0
294	16.1	-2.8	0
295	18.9	1.1	0
296	19.4	1.1	0
297	18.3	1.1	0
298	18.3	2.2	0
299	18.3	0.6	0
300	16.1	1.1	0
301	15	0.6	0
302	13.9	1.7	0
303	16.1	1.7	0
304	17.2	1.7	0
304	15.6	0	0
305	15.6	1.1	0
306	14.4	1.1	0
307	16.1	1.1	0
308	14.4	0	0
309	16.7	2.8	0
310	17.2	0	0
311	16.1	0.6	0
312	11.1	-2.8	0
313	9.4	-2.2	0
314	7.2	-2.8	0.1
315	4.4	-6.1	0
316	2.8	-0.6	0.2
317	4.4	1.7	0.69
318	6.7	1.1	0
319	8.9	-0.6	0
320	4.4	0.6	0.64
321	7.8	3.3	0.18
322	7.2	1.1	0.56
323	2.8	-4.4	0
324	3.9	-4.4	0
325	6.7	-2.8	0
326	3.3	-1.1	0.43
327	2.8	-0.6	0.23
328	1.7	-3.3	0.33
329	-0.6	-8.9	0.05
330	1.7	-7.8	0.1
331	-5.6	-10	0
332	0.6	-7.8	0
333	4.4	-11.1	0
334	1.1	-10	0
335	2.2	-7.2	0
336	4.4	-5	0
337	4.4	-4.4	0
338	7.8	-6.1	0
339	8.3	-5	0
340	8.3	-5.6	0
341	8.9	-6.1	0
342	6.7	-3.3	0
343	3.9	1.1	0.05
344	3.3	-0.6	0.1
345	1.7	-2.8	0
346	-1.1	-5.6	0
347	-3.9	-8.9	0
348	-1.7	-14.4	0
349	-7.8	-15.6	0
350	-2.8	-13.9	0
351	-6.7	-13.9	0.05
352	-5.6	-13.3	0
353	-2.8	-13.9	0
354	-0.6	-13.3	0
355	-4.4	-9.4	0
356	-5	-10	0
357	-5	-11.1	0.05
358	-3.3	-6.1	0.56
359	-5.6	-12.2	0
360	-3.3	-13.9	0.03
361	1.7	-5	0
362	1.7	-1.7	0
363	0	-6.1	0.61
364	-3.9	-8.3	0
365	-3.3	-18.3	0
