#weather for site US Sheep Experiment Station year = 1972
#DOY Tmax(C) Tmin(C) PPT(cm)
1	-3.3	-12.2	0.05
2	-11.7	-18.3	0
3	-16.7	-25.6	0
4	-10	-17.2	0.08
5	-7.8	-17.8	0.03
6	-1.7	-13.9	0
7	-3.9	-13.3	0
8	-6.1	-15.6	0
9	-4.4	-14.4	0.03
10	-3.9	-16.1	0
11	0	-9.4	0.08
12	-8.9	-19.4	0
13	-13.9	-22.2	0
14	-6.7	-15.6	0.03
15	-2.8	-12.8	0
16	-5	-13.9	0
17	-0.6	-7.2	0
18	1.1	-2.8	0
19	0.6	-1.7	0
20	3.3	-0.6	0
21	1.1	-4.4	0
22	0.6	-7.8	0.3
23	-6.7	-13.9	0
24	-2.8	-12.8	0
25	-6.7	-21.1	0.03
26	-9.4	-22.2	0
27	-9.4	-19.4	0
28	-11.1	-18.9	0
29	-12.2	-19.4	0.03
30	-8.3	-16.7	0
31	-10	-16.1	0.05
32	-13.9	-25	0
33	-9.4	-20.6	0
34	-3.3	-16.7	0
35	-2.2	-7.2	0
36	-0.6	-8.9	0
37	-1.1	-8.9	0
38	-2.8	-5.6	0
39	0.6	-6.7	0
40	-1.1	-16.7	0
41	-4.4	-13.9	0
42	-3.9	-12.8	0
43	-1.1	-7.8	0
44	-2.8	-13.3	0
45	-4.4	-12.2	0
46	2.2	-7.2	0
47	0.6	-8.3	0
48	5.6	-5.6	0
49	4.4	-2.8	0
50	2.8	-2.8	0
51	5.6	-7.2	0
52	1.7	-3.9	0
53	2.8	-8.3	0
54	0.6	-8.3	0
55	-1.1	-12.2	0
56	-1.1	-9.4	0.03
57	4.4	-2.8	0
58	3.3	0.6	0
59	5.6	-1.7	0.03
60	-0.6	-11.1	0
61	1.7	-5.6	0.36
62	1.1	-3.9	0
63	0	-10	0
64	4.4	-5.6	0
65	7.2	-2.2	0
66	4.4	-9.4	0
67	3.3	-7.8	0
68	7.2	-1.1	0
69	7.8	0	0
70	8.3	-0.6	0
71	5	-2.2	0
72	10	1.1	0
73	8.3	-2.2	0
74	10.6	-2.2	0
75	11.1	-1.1	0
76	12.8	0	0
77	11.7	1.7	0
78	11.1	0	0.1
79	9.4	-2.2	0
80	10.6	-0.6	0
81	18.3	2.2	0
82	17.8	0	0
83	5	-6.7	0.28
84	4.4	-1.1	0.81
85	0	-9.4	0
86	1.7	-11.1	0
87	2.8	-10	0
88	3.9	-8.3	0
89	7.8	-5	0
90	11.7	-4.4	0
91	13.9	-0.6	0
92	13.3	0	0
93	12.8	-8.9	0
94	13.9	-0.6	0
95	14.4	1.7	0
96	13.9	2.2	0
97	11.7	-2.8	0
98	12.8	-2.2	0
99	10.6	-2.2	0
100	12.2	-2.8	0
101	11.1	1.1	0.08
102	6.7	-2.2	0
103	3.9	-3.3	0.15
104	10.6	-2.2	0
105	12.8	-3.9	0
106	12.2	0.6	0
107	12.2	-3.3	0
108	5.6	-3.3	0
109	8.9	-3.9	0
110	12.8	-6.1	0
111	12.8	-1.7	0.13
112	10	-3.3	0
113	13.9	-5	0
114	20	2.8	0
115	16.7	0.6	0
116	10.6	-1.7	0
117	15.6	-3.3	0
118	19.4	0	0
119	18.9	1.1	0
120	5.6	-3.3	0
121	NA	NA	NA
122	12.2	-6.7	0
123	15.6	-2.8	0
124	18.3	1.7	0
125	21.1	1.7	0
126	17.8	2.8	0
127	19.4	4.4	0
128	13.9	3.3	0.08
129	12.8	2.8	1.12
130	13.9	-1.7	0
131	14.4	3.3	0
132	14.4	1.1	0
133	17.2	2.2	0
134	20	2.8	0
135	23.9	3.3	0
136	24.4	7.8	0
137	25.6	5.6	0
138	21.1	9.4	0
139	17.8	6.7	0
140	18.3	7.8	0.53
141	19.4	5.6	0.05
142	16.7	3.3	0.23
143	12.2	3.3	0
144	16.1	3.9	0.05
145	18.3	2.8	0
146	16.1	3.3	0
147	18.9	3.3	0
148	21.1	5	0
149	23.9	6.7	0
150	24.4	7.8	0
151	26.7	7.8	0
152	30	8.9	0
153	28.3	10.6	0
154	27.8	7.2	0
155	25	8.9	0.08
156	23.9	8.9	0.33
157	26.7	8.9	0
158	26.1	8.9	0
159	22.2	12.2	1.17
160	21.1	12.8	0.03
161	21.1	10.6	0.36
162	24.4	7.8	0.61
163	24.4	6.1	0
164	21.1	3.3	0
165	21.1	5.6	0
166	25.6	6.7	0
167	25.6	12.2	0
168	28.3	9.4	0
169	27.8	8.3	0.15
170	23.9	6.7	0
171	17.8	5	0.1
172	22.2	5	0
173	23.3	8.9	0
174	28.3	5.6	0
175	28.3	9.4	1.68
176	18.9	7.2	0
177	18.3	5.6	0.25
178	17.8	5	0.2
179	21.7	5	0
180	26.7	7.8	0
181	30	10	0
182	28.9	13.9	0
183	28.9	13.3	0
184	20	7.8	0
185	19.4	8.3	0
186	25.6	5.6	0
187	30.6	8.9	0
188	31.1	13.3	0
189	30.6	12.8	0
190	30.6	8.9	0
191	23.3	10	0
192	26.1	12.8	0
193	30.6	8.9	0
194	29.4	12.2	0
195	33.3	12.2	0
196	28.9	14.4	0
197	28.3	14.4	0
198	29.4	13.3	0
199	25.6	10	0
200	29.4	10.6	0
201	24.4	8.3	0
202	14.4	5.6	1.02
203	18.3	6.7	0
204	21.1	5.6	0
205	28.9	6.7	0
206	31.7	12.2	0
207	32.2	10.6	0
208	31.7	10.6	0
209	26.7	9.4	0
210	30	8.9	0
211	33.3	12.8	0
212	32.8	18.3	0
213	25.6	15	0
214	27.8	10.6	0.13
215	23.3	11.7	0
216	25.6	9.4	0
217	29.4	10	0
218	31.1	15	0
219	32.8	13.9	0
220	32.8	7.8	0
221	33.3	10	0
222	33.9	14.4	0
223	32.2	17.2	0
224	33.3	15.6	0
225	31.7	16.1	0
226	28.3	12.2	1.22
227	21.1	12.8	0.69
228	25	12.2	0
229	26.7	11.7	0
230	28.3	10.6	0
231	30	10	0
232	27.2	12.2	0
233	25.6	8.9	0
234	27.2	11.7	0
235	27.8	10.6	0
236	27.2	8.9	0.97
237	23.3	6.7	0
238	24.4	10.6	0
239	27.2	11.7	0.15
240	29.4	11.1	0
241	29.4	11.1	0
242	28.9	13.3	0
243	26.1	9.4	0.18
244	24.4	8.9	0.3
245	23.9	8.3	0.36
246	23.9	8.3	0
247	25.6	7.8	0
248	25.6	12.2	0
249	19.4	12.2	0.1
250	18.3	6.7	0.13
251	19.4	3.3	0
252	25.6	3.3	0
253	25	11.7	0
254	15.6	5.6	0.86
255	22.8	6.7	0
256	21.7	1.7	0
257	17.8	1.7	0
258	20.6	2.2	0
259	23.3	3.3	0
260	25	6.7	0
261	26.7	5.6	0
262	25.6	7.2	0
263	23.9	10.6	0
264	20	-3.3	0
265	19.4	0	0
266	19.4	6.1	0
267	17.2	3.3	0
268	10	-3.9	0
269	8.9	-5	0
270	9.4	-2.8	0.13
271	12.2	5	1.19
272	11.7	0	0
273	13.9	-2.8	0
274	17.2	1.1	0
275	18.3	2.2	0
276	20	3.3	0
277	20.6	2.8	0
278	20	5.6	0
279	13.9	5	0
280	16.7	5.6	0
281	19.4	3.9	0
282	18.3	2.2	0
283	19.4	3.3	0
284	19.4	5.6	1.98
285	15	2.8	0.13
286	20	3.3	0
287	18.3	6.1	0
288	18.3	7.8	0
289	17.2	3.9	0.86
290	17.8	2.8	0
291	15.6	2.2	0
292	15.6	2.8	0
293	17.8	5	0
294	17.8	7.8	0
295	9.4	2.2	0
296	13.9	1.1	0
297	12.8	3.3	0
298	8.3	1.1	0.28
299	8.9	-3.3	0
300	7.8	-1.1	0.08
301	5	-4.4	0
302	6.7	-2.8	0
303	0	-7.2	0
303	2.2	-8.9	0
304	2.8	-10.6	0
305	3.9	-7.2	0
306	2.2	-1.7	0.08
307	6.7	-0.6	0
308	6.1	1.7	0.89
309	6.7	0.6	1.02
310	1.7	-5	0
311	7.2	-2.2	0
312	7.8	0	0.23
313	6.1	-2.2	0
314	7.8	-2.2	0
315	7.2	-2.2	0
316	5.6	-1.1	0
317	3.3	-2.2	0
318	2.2	-1.7	0.08
319	3.9	-0.6	0.38
320	2.2	-1.1	0.25
321	3.3	-1.1	0
322	4.4	-1.1	0
323	1.1	-3.9	0
324	0	-1.7	0
325	2.2	-1.1	0
326	0.6	-6.7	0
327	-1.1	-5	0
328	-1.1	-11.1	0
329	-0.6	-8.3	0
330	1.7	-6.7	0
331	-1.1	-11.1	0
332	-3.3	-15	0
333	-5.6	-13.9	0
334	-2.8	-10.6	0
335	-0.6	-4.4	0
336	4.4	-3.9	0
337	0	-13.9	0
338	-13.9	-20.6	0
339	-12.2	-23.3	0
340	-10	-23.3	0
341	-12.8	-23.9	0
342	-16.7	-23.3	0
343	-19.4	-27.8	0
344	-13.9	-31.1	0
345	-13.3	-27.2	0
346	-12.2	-20.6	0
347	-12.8	-24.4	0
348	-10	-19.4	0
349	-5	-19.4	0
350	0	-13.3	0
351	1.1	-6.7	0
352	-1.7	-3.9	0.18
353	0	-3.3	0.1
354	0	-2.8	0
355	1.1	-3.3	0.28
356	2.8	-1.7	0
357	1.7	-2.8	0
358	1.7	-2.8	0
359	1.7	-12.8	0
360	-0.6	-7.8	0
361	-1.1	-7.8	0
362	1.1	-3.3	0.2
363	-1.7	-7.8	0
364	-7.8	-18.3	0
365	-7.8	-17.2	0
366	-9.4	-20	0
