#weather for site US Sheep Experiment Station year = 1966
#DOY Tmax(C) Tmin(C) PPT(cm)
1	-9.4	-17.8	0.08
2	-2.8	-9.4	0
3	-2.2	-4.4	0
4	0	-3.3	0
5	4.4	-1.1	0.05
6	1.7	-2.8	0
7	3.9	-2.8	0
8	1.1	-13.9	0
9	2.2	-7.2	0
10	2.8	-5	0
11	-1.7	-7.8	0
12	-2.8	-5.6	0
13	2.8	-5	0.05
14	1.1	-7.8	0
15	-1.1	-10.6	0
16	1.1	-13.9	0
17	1.1	-16.7	0
18	-4.4	-10.6	0
19	-7.8	-17.8	0
20	-10	-18.9	0.08
21	-7.2	-13.9	0.23
22	-6.1	-16.7	0.13
23	-4.4	-15.6	0.05
24	-7.2	-20	0
25	-1.1	-13.9	0
26	2.2	-11.1	0
27	-1.7	-11.7	0
28	0.6	-8.9	0
29	2.8	-7.8	0
30	2.2	-6.7	0
31	-0.6	-10	0.1
32	-4.4	-13.9	0
33	-2.2	-10.6	0.05
34	6.1	-8.3	0
35	0.6	-7.2	0.03
36	0	-3.9	0.46
37	-0.6	-7.2	0.05
38	-1.1	-13.9	0
39	-6.7	-17.8	0
40	-1.7	-16.7	0
41	-5.6	-16.1	0.05
42	-3.9	-10	0
43	-6.1	-19.4	0
44	-6.7	-18.9	0
45	-5	-20	0
46	-6.7	-16.1	0.03
47	-3.9	-12.2	0
48	0.6	-8.9	0
49	3.3	-8.3	0
50	4.4	-8.9	0
51	7.2	-8.9	0
52	2.8	-12.2	0
53	6.1	-10.6	0
54	6.1	-10	0
55	1.7	-7.2	0.03
56	3.3	-6.1	0.2
57	1.1	-7.2	0
58	3.9	-10.6	0
59	1.7	-6.7	0
60	-1.1	-8.9	0
61	-8.3	-16.7	0
62	-7.8	-20	0
63	-4.4	-16.7	0
64	1.7	-12.8	0
65	1.7	-4.4	0.05
66	2.2	-5.6	0.05
67	9.4	-2.2	0.05
68	6.7	-0.6	0.03
69	4.4	-6.1	0
70	4.4	-6.7	0
71	5	-2.2	0
72	8.3	-2.2	0
73	7.2	-3.9	0.03
74	5	-3.3	0.41
75	0.6	-8.3	0.03
76	3.3	-11.7	0
77	8.3	-3.9	0
78	5.6	-10	0
79	2.2	-3.9	0
80	0.6	-8.9	0
81	1.7	-12.2	0
82	8.3	-7.2	0
83	13.3	-3.3	0
84	16.1	-1.7	0
85	17.2	-1.1	0
86	17.8	0.6	0
87	17.2	0.6	0
88	18.9	-1.1	0
89	18.9	1.7	0
90	19.4	1.1	0
91	18.9	1.7	0
92	5.6	-3.3	0
93	8.9	-5	0
94	14.4	-5	0
95	17.8	-2.2	0
96	16.1	3.3	0
97	18.3	0	0
98	17.2	3.9	0
99	11.7	1.1	0.1
100	8.3	-0.6	1.09
101	11.1	0.6	0.03
102	11.7	2.8	0
103	15.6	-1.7	0
104	16.7	1.1	0
105	15	2.2	0.13
106	12.8	-2.8	0
107	3.3	-6.7	0.05
108	0.6	-8.9	0
109	6.1	-11.1	0
110	8.3	-4.4	0
111	11.1	-3.9	0.28
112	13.9	-2.2	0
113	17.2	-2.8	0
114	NA	NA	NA
115	17.8	4.4	0
116	10.6	0.6	0
117	7.2	-5.6	0
118	11.1	-4.4	0
119	10.6	-1.1	0
120	15	-3.9	0
121	19.4	-0.6	0
122	23.9	2.8	0
123	26.7	3.9	0
124	27.2	6.7	0
125	27.8	7.2	0
126	26.7	7.8	0
127	26.1	5.6	0
128	25	7.8	0
129	21.7	6.1	0
130	17.8	7.8	0.61
131	12.2	3.9	0.15
132	11.7	-3.9	0
133	16.7	2.2	0
134	15.6	1.1	0.28
135	16.1	-2.2	0
136	18.9	2.2	0
137	17.8	1.7	0
138	17.2	0	0
139	20.6	0.6	0
140	24.4	5	0
141	25.6	8.9	0
142	21.1	-0.6	0.61
143	13.9	-4.4	0
144	21.1	0.6	0
145	25	3.9	0
146	27.2	6.7	0
147	28.9	8.9	0
148	28.3	11.7	0.13
149	29.4	9.4	0
150	27.2	12.2	0
151	24.4	6.7	0
152	23.9	2.8	0
153	23.3	9.4	0
154	21.1	8.3	0
155	23.3	3.3	0
156	21.1	0	0
157	21.7	4.4	0
158	20	10	0.18
159	20.6	6.1	0.08
160	24.4	5.6	0
161	21.7	6.1	0.25
162	15.6	2.2	0.74
163	16.1	2.2	0
164	22.2	2.2	0
165	24.4	8.3	0
166	23.9	9.4	0
167	27.2	10	0.03
168	27.2	10	0
169	26.7	8.9	0
170	30.6	10	0
171	28.9	12.8	0
172	27.8	14.4	0
173	25	9.4	0.71
174	18.3	4.4	0.1
175	16.1	5.6	0.25
176	20	0	0
177	27.8	5	0
178	31.1	8.9	0
179	33.9	10.6	0
180	32.2	15	0
181	31.7	16.1	0
182	29.4	12.2	0.18
183	27.8	12.2	0.23
184	22.8	3.3	0
185	28.9	3.9	0
186	31.1	9.4	0
187	33.3	9.4	0
188	32.8	12.2	0
189	32.2	13.9	0
190	28.3	12.8	0
191	30.6	11.7	0
192	31.7	12.2	0
193	31.1	14.4	0
194	30.6	11.7	0
195	31.7	13.3	0
196	32.8	9.4	0
197	32.8	15.6	0
198	33.3	13.9	0.03
199	34.4	16.1	0
200	35.6	13.3	0
201	34.4	10.6	0
202	31.7	15.6	0
203	33.3	11.7	0
204	33.9	7.2	0
205	33.3	13.3	0
206	31.7	14.4	0
207	32.8	10	0
208	32.2	13.3	0
209	32.2	14.4	0
210	32.2	13.3	0
211	34.4	10.6	0.74
212	33.3	15	0.03
213	28.3	13.9	0
214	32.8	13.9	0
215	27.8	16.1	0
216	28.3	9.4	0.2
217	28.9	9.4	0.18
218	28.9	12.2	0.13
219	28.3	13.3	0
220	26.7	11.7	0
221	27.8	12.8	0
222	30.6	11.1	0
223	29.4	11.1	0
224	26.1	8.9	0.05
225	27.8	7.2	0
226	27.2	10	0
227	30	8.9	0
228	32.8	11.1	0
229	32.8	15.6	0
230	28.3	13.3	0
231	27.2	12.2	0
232	22.2	8.9	0
233	21.1	2.8	0
234	26.7	5	0
235	29.4	10.6	0
236	31.1	10	0
237	32.8	10	0
238	32.8	10.6	0.03
239	23.3	2.8	0
240	28.3	6.7	0
241	29.4	12.2	0
242	27.8	7.8	0
243	23.9	10	0
244	23.3	11.7	0
245	22.8	5.6	0
246	25	6.7	0
247	27.8	9.4	0
248	28.9	10	0
249	30.6	10	0
250	28.9	10.6	0
251	30	12.8	0
252	30	10	0
253	29.4	10.6	0
254	26.1	11.1	0.71
255	23.3	9.4	0.1
256	24.4	10.6	0
257	16.1	6.7	0.79
258	10	3.9	2.84
259	14.4	5	0.03
260	22.2	5	0
261	26.7	7.2	0
262	26.1	7.8	0
263	26.7	9.4	0
264	28.3	11.1	0
265	28.3	11.7	0
266	28.9	11.7	0
267	26.7	11.7	0
268	23.9	8.3	0
269	16.7	7.2	0
270	18.3	3.3	0
271	20.6	3.9	0
272	22.2	5.6	0
273	19.4	0.6	0
274	17.8	-0.6	0
275	16.1	4.4	0.69
276	10.6	0	0
277	13.9	-1.7	0
278	17.8	1.1	0
279	18.9	3.3	0
280	19.4	3.9	0
281	18.9	1.1	0
282	15.6	-1.1	0
283	16.7	-1.7	0
284	18.3	1.1	0
285	15.6	5	0.1
286	7.8	-2.2	0
287	5.6	-3.9	0
288	7.8	-7.2	0
289	10.6	-2.8	0
290	10	-3.9	0
291	8.9	-5.6	0
292	12.8	-3.3	0
293	15	1.7	0
294	12.2	-2.8	0
295	2.2	-8.9	0.1
296	3.9	-5	0
297	10.6	-1.1	0
298	16.7	0	0
299	15.6	0.6	0
300	13.3	0.6	0
301	15.6	2.2	0
302	14.4	-1.1	0
303	13.9	2.2	0
303	13.3	0	0
304	10.6	-6.1	0
305	11.7	-2.2	0
306	10.6	-3.9	0
307	9.4	-3.9	0
308	5.6	-0.6	0
309	6.7	0.6	0
310	5	0	0
311	2.2	-6.1	0
312	-4.4	-13.3	0
313	0	-5	0.08
314	0	-10	0.05
315	5.6	-0.6	0.13
316	7.2	1.1	0
317	12.2	0.6	0
318	8.3	1.7	0
319	7.8	0	0.08
320	7.2	-3.9	0
321	8.9	-3.9	0
322	11.1	-1.7	0
323	11.1	-1.1	0
324	8.9	-1.1	0.2
325	2.2	-5.6	0
326	1.7	-7.2	0
327	-3.3	-7.2	0
328	-4.4	-7.2	0
329	2.2	-6.1	0
330	0	-12.2	0
331	5	-5.6	0
332	3.3	-0.6	0
333	2.8	0.6	0.05
334	2.2	1.1	0.13
335	2.2	-1.1	0
336	2.2	0.6	1.98
337	2.8	-4.4	0
338	0	-5	1.78
339	-1.7	-11.1	0
340	-2.8	-6.7	0.08
341	-2.8	-10.6	0.2
342	-10	-20	0.03
343	-3.9	-13.3	0
344	-1.7	-7.8	0.1
345	2.8	-9.4	0
346	3.3	-5	0
347	-0.6	-6.7	0.18
348	-1.7	-5	0
349	0.6	-5.6	0
350	3.9	-6.7	0
351	2.8	-9.4	0
352	1.7	-7.2	0
353	0.6	-7.8	0
354	-1.7	-8.9	0.13
355	-3.9	-15.6	0
356	-1.1	-15.6	0
357	-1.1	-13.9	0
358	-6.7	-12.2	0
359	-5.6	-12.8	0
360	-5	-12.8	0
361	-9.4	-17.8	0
362	-9.4	-15	0.3
363	-8.3	-17.2	0.13
364	-7.2	-14.4	0.03
365	-4.4	-7.8	0
