#weather for site US Sheep Experiment Station year = 1980
#DOY Tmax(C) Tmin(C) PPT(cm)
1	-1.7	-12.8	0
2	-1.7	-5.6	0
3	-1.1	-7.8	0
4	1.1	-3.9	0.03
5	0	-18.9	0
6	-5.6	-15	0
7	-7.8	-15.6	0
8	0.6	-10.6	0
9	0	-11.1	0.03
10	-6.7	-19.4	0
11	0.6	-10	0.58
12	2.8	-4.4	0
13	2.8	-1.1	0.43
14	1.1	-0.6	0
15	1.1	-2.2	0
16	0	-2.8	0.36
17	-1.7	-8.9	0
18	-2.2	-13.9	0
19	-2.8	-15	0
20	1.7	-12.8	0
21	-5.6	-17.8	0
22	-6.1	-11.1	0
23	-5	-9.4	0
24	-6.7	-14.4	0
25	-14.4	-21.7	0
26	-18.9	-25.6	0
27	-11.7	-29.4	0
28	-10.6	-22.2	0
29	-9.4	-19.4	0
30	-2.8	-18.3	0
31	-2.2	-13.3	0
32	1.1	-9.4	0
33	1.7	-6.1	0.05
34	4.4	-7.2	0
35	1.1	-5.6	0
36	1.1	-3.9	0.1
37	3.3	-5	0
38	0.6	-11.7	0
39	2.8	-13.9	0
40	1.1	-13.9	0
41	2.2	-13.9	0
42	-2.8	-9.4	0
43	-1.1	-6.7	0
44	-5.6	-13.3	0
45	-7.2	-13.3	0
46	2.8	-11.7	0
47	1.7	-1.1	1.02
48	5.6	0	0.99
49	5.6	0	0
50	5	-0.6	0.84
51	1.7	-2.2	0
52	1.1	-6.1	0.33
53	5.6	-4.4	0.15
54	1.7	-6.1	0
55	2.8	-5.6	0
56	6.1	-3.3	0
57	7.2	-1.1	0
58	6.7	-1.1	0
59	6.7	-1.7	0
60	4.4	-6.7	0
61	1.7	-3.9	0.2
62	5.6	-0.6	0.03
63	5.6	-3.3	0
64	2.8	-3.9	0
65	2.2	-5.6	0
66	3.9	-8.3	0
67	3.9	-7.2	0
68	5.6	-8.9	0
69	7.2	-1.7	0
70	8.9	-0.6	0
71	4.4	-8.9	0
72	7.2	-5.6	0
73	8.9	-1.7	0
74	8.3	-2.8	0.05
75	1.7	-11.1	0
76	4.4	-11.1	0
77	5.6	-5	0
78	7.2	-3.9	0
79	6.1	-8.9	0
80	5	-2.8	0.28
81	6.1	-3.3	0
82	6.1	-6.1	0
83	3.3	-6.7	0
84	3.3	-5.6	0
85	5	-11.1	0
86	3.3	-3.9	0.36
87	5	-5	0
88	10	-5.6	0
89	6.7	-5.6	0.03
90	3.3	-5	0
91	4.4	-5.6	0
92	5.6	-4.4	0
93	4.4	-3.9	0
94	7.2	-2.8	0
95	12.2	0.6	0
96	7.8	-2.8	0
97	5	-3.9	0
98	8.9	-8.3	0
99	7.8	0	0
100	6.1	-6.1	0.15
101	7.8	-5	0
102	8.3	-3.9	0
103	13.9	-4.4	0
104	17.8	-1.1	0
105	15.6	-1.1	0
106	16.1	-2.2	0
107	20.6	0	0
108	21.7	2.8	0
109	24.4	1.7	0
110	25	7.2	0
111	23.9	15	0
112	21.1	8.3	0
113	20.6	7.2	0
114	17.8	6.1	0.2
115	18.3	5.6	0.28
116	20	3.9	0
117	21.1	3.9	0
118	NA	NA	NA
119	22.8	3.9	0
120	21.7	6.1	0
121	18.3	3.9	0.38
122	21.1	6.7	0
123	20	7.2	0
124	18.9	3.9	0.08
125	22.2	5	0
126	22.8	5.6	0
127	22.8	6.1	0
128	13.9	7.8	0.69
129	15	5.6	0.23
130	11.1	5	0.41
131	10	2.8	0.36
132	10	1.7	0.43
133	14.4	2.8	0.05
134	15	-1.1	0
135	18.3	1.1	0
136	20	4.4	0
137	13.3	4.4	1.42
138	15	2.8	0.08
139	15.6	4.4	1.09
140	20.6	6.1	0
141	23.9	5.6	0
142	25	7.2	0
143	26.1	9.4	0
144	17.2	5	0.84
145	10.6	2.8	0.99
146	6.1	-0.6	2.46
147	7.8	0.6	0.15
148	12.8	0	0.38
149	16.1	1.1	0
150	15.6	4.4	0.51
151	15.6	2.8	0.3
152	16.1	5	0.89
153	15	5.6	0.23
154	12.8	4.4	0.99
155	11.7	2.2	0.43
156	10	2.8	1.07
157	14.4	3.9	0.08
158	13.3	3.3	0.41
159	18.3	3.3	0.03
160	22.8	6.7	0
161	25.6	7.8	0
162	26.7	10	0
163	25.6	11.7	0
164	21.1	10	0.05
165	21.1	2.2	0
166	20.6	7.8	0
167	12.2	3.9	0.1
168	20	5	0
169	25	6.1	0
170	26.1	10	0.03
171	26.1	9.4	0.33
172	27.8	10	0
173	28.3	10.6	0
174	26.7	13.9	0
175	26.1	10	0.1
176	22.8	2.8	0
177	27.2	12.8	0
178	26.1	13.3	0
179	24.4	0.6	0
180	23.9	2.8	0
181	26.1	10.6	0
182	23.3	15.6	0
183	23.9	6.7	0
184	22.8	10	0.56
185	21.7	11.1	1.12
186	25.6	7.8	0
187	26.7	10	0
188	27.8	9.4	0
189	27.2	11.1	0
190	26.7	12.2	0
191	27.8	10.6	0.66
192	26.7	12.2	0.1
193	29.4	6.1	0
194	28.9	11.1	0
195	28.3	13.3	0
196	25.6	8.9	0
197	26.1	7.2	0
198	29.4	7.2	0
199	30	14.4	0
200	27.8	10	0
201	27.2	10	0.08
202	27.8	11.1	0
203	31.1	12.2	0
204	33.3	13.3	0
205	32.2	13.9	0
206	31.7	14.4	0
207	30.6	12.8	0
208	30.6	15.6	0
209	31.7	12.2	0
210	32.8	11.7	0
211	31.1	16.1	0
212	28.3	14.4	0.08
213	30.6	11.1	0.03
214	28.3	11.7	0
215	31.1	8.9	0
216	25	13.3	0
217	22.2	3.9	0
218	30	8.9	0
219	29.4	13.3	0
220	29.4	11.7	0
221	31.7	13.9	0
222	30	10.6	0
223	27.2	11.7	0
224	32.2	8.3	0
225	31.7	-9999	0
226	29.4	-9999	0
227	28.9	-9999	0
228	26.7	10.6	1.3
229	21.1	10.6	0.43
230	26.7	8.3	0
231	24.4	8.9	0.23
232	12.8	5.6	0.36
233	20	3.3	0
234	25.6	5.6	0
235	25	14.4	0
236	27.8	15.6	0
237	29.4	7.8	0
238	28.3	13.9	0
239	25	11.1	0
240	26.1	13.9	0.18
241	23.3	8.3	0
242	21.1	6.1	0
243	20	9.4	0
244	18.9	7.8	0
245	21.1	4.4	0
246	23.3	6.1	0
247	21.7	3.9	0
248	25	3.3	0
249	30	6.7	0
250	31.7	10	0
251	27.8	11.1	0.79
252	20.6	13.3	0
253	25	15.6	0
254	23.3	13.3	0
255	16.7	8.9	1.14
256	18.9	10	0
257	15.6	9.4	2.54
258	24.4	8.3	0
259	23.3	5.6	0
260	24.4	3.3	0
261	24.4	4.4	0
262	23.9	8.9	0
263	17.8	4.4	0
264	16.1	2.8	0
265	13.3	1.7	0
266	15	-2.2	0
267	18.3	5	0
268	17.2	1.1	0
269	19.4	1.7	0
270	22.2	2.8	0
271	25	7.8	0
272	23.9	8.3	0
273	21.7	3.3	0
274	24.4	5	0
275	22.2	6.7	0
276	22.2	5	0
277	23.3	5	0
278	23.9	4.4	0
279	23.9	7.2	0
280	24.4	6.1	0
281	26.1	7.8	0
282	24.4	6.7	0
283	21.7	5	0
284	20	1.1	0
285	21.1	4.4	0
286	22.2	6.7	0.05
287	13.3	-1.7	0
288	10	1.1	1.4
289	5	1.7	0.23
290	5.6	-0.6	0
291	5	-3.9	0
292	11.7	-1.1	0
293	13.9	-0.6	0
294	15	0.6	0
295	13.9	1.1	0
296	11.1	-6.1	0
297	6.1	-7.8	0
298	7.2	-6.7	0
299	10.6	-2.8	0
300	6.1	-1.7	0
300	8.3	0.6	0.03
301	6.7	-3.9	0
302	8.3	-5.6	0
303	10.6	-2.8	0
304	13.3	-1.1	0
305	13.9	0.6	0
306	13.9	-0.6	0
307	11.7	0.6	0
308	15	1.1	0
309	16.7	1.1	0
310	12.2	2.2	0
311	15.6	2.8	0
312	13.9	-1.1	0.03
313	6.7	-3.3	0
314	6.1	0	0
315	6.7	1.1	0
316	3.9	0	1.12
317	1.1	-5.6	0
318	-0.6	-12.2	0
319	0.6	-12.2	0
320	2.2	-12.2	0
321	2.2	-10.6	0
322	3.3	-8.3	0
323	1.1	-10	0
324	2.8	-10	0
325	1.7	-8.3	0
326	3.3	-1.7	0.2
327	2.2	-6.7	0
328	1.1	-7.2	0
329	-2.8	-12.8	0
330	-2.2	-7.2	0
331	-1.7	-9.4	0
332	3.9	-3.9	0
333	5	-4.4	0
334	6.1	-3.9	0.28
335	-1.7	-11.1	0
336	0	-7.2	0.89
337	4.4	-0.6	0.25
338	3.9	0.6	0.41
339	0.6	-9.4	0
340	-0.6	-10	0
341	-3.3	-10	0.15
342	-3.9	-15.6	0
343	-8.3	-15.6	0.03
344	-2.8	-11.1	0
345	2.2	-11.7	0
346	5	-8.3	0
347	7.2	-7.2	0
348	0	-10.6	0
349	2.8	-6.7	0
350	3.3	-6.1	0
351	2.8	-5	0
352	1.1	-11.1	0
353	2.2	-4.4	0
354	4.4	-2.2	0
355	1.1	-2.2	0
356	2.8	0	0
357	0	-3.3	0
358	1.7	-1.7	0
359	3.9	-0.6	0.1
360	3.9	0.6	0
361	8.3	0.6	0
362	3.9	-1.7	0
363	3.3	-6.1	0
364	6.1	-2.2	0
365	9.4	-2.2	0
366	11.7	-0.6	0
