#weather for site US Sheep Experiment Station year = 2004
#DOY Tmax(C) Tmin(C) PPT(cm)
1	-2.8	-14.4	0
2	-5.6	-14.4	0
3	-6.7	-18.9	0
4	-14.4	-23.3	0
5	-8.9	-22.2	0
6	-3.9	-11.1	0.58
7	-0.6	-8.9	0.05
8	1.7	-2.8	0
9	0	-7.2	0
10	3.3	-7.8	0
11	4.4	-8.9	0
12	0.6	-7.8	0
13	3.9	-9.4	0
14	1.7	-9.4	0
15	-1.1	-10.6	0
16	-3.9	-15.6	0
17	-6.7	-13.9	0
18	-2.2	-10.6	0
19	0.6	-7.8	0
20	-6.7	-15.6	0
21	-7.2	-16.7	0
22	-5	-15.6	0
23	-4.4	-10	0.03
24	-0.6	-8.9	0.28
25	-5.6	-16.7	0
26	-6.1	-12.2	0
27	-2.2	-6.7	0
28	-1.7	-4.4	0
29	3.3	-3.3	0.23
30	-2.8	-16.1	0
31	-10	-14.4	0.08
32	-5	-13.3	0.03
33	0	-8.3	0
34	-0.6	-8.9	0
35	0	-8.9	0
36	-0.6	-12.2	0
37	-2.2	-8.3	0.28
38	-1.7	-10	0
39	-4.4	-12.8	0
40	-6.1	-12.2	0.08
41	-1.7	-15.6	0
42	-6.7	-23.9	0
43	-2.8	-18.3	0
44	-2.8	-16.7	0
45	-1.7	-11.1	0
46	0	-7.2	0
47	5	-2.2	0.61
48	4.4	-0.6	0.38
49	3.3	-1.7	0.23
50	1.1	-12.2	0
51	-0.6	-14.4	0
52	2.8	-12.8	0
53	3.9	-5	0.05
54	3.9	-6.7	0
55	2.2	-3.3	0
56	2.2	-1.1	1.12
57	3.9	-4.4	0
58	2.2	-2.8	0.05
59	4.4	-2.2	0
60	1.1	-4.4	0
61	3.9	-9.4	0
62	0	-13.3	0.03
63	-1.7	-7.8	0.3
64	-0.6	-12.8	0
65	0.6	-8.3	0
66	2.2	-11.7	0
67	7.8	-6.1	0
68	7.2	-5	0
69	8.9	-3.3	0
70	6.1	-6.7	0
71	7.8	-3.9	0
72	7.8	-5	0
73	7.8	-3.9	0
74	6.7	-4.4	0
75	5.6	-3.9	0
76	7.2	-2.8	0
77	12.8	-1.1	0
78	15	0.6	0
79	15	-2.2	0
80	15.6	0.6	0
81	16.1	2.8	0
82	19.4	2.2	0
83	18.3	0.6	0
84	16.1	0	0
85	13.9	2.2	0.86
86	6.7	-6.1	0.08
87	11.1	-3.9	0
88	14.4	-3.3	0
89	21.1	0	0
90	19.4	2.2	0
91	16.7	1.1	0
92	7.8	1.1	0.25
93	17.8	0	0
94	17.8	2.2	0
95	NA	NA	NA
96	20	3.3	0
97	19.4	2.8	0
98	17.8	5	0.76
99	15	4.4	0.23
100	13.9	1.7	0.13
101	12.8	-1.1	0
102	16.7	-2.2	0
103	18.9	0	0
104	20	1.7	0
105	16.7	2.2	0
106	12.8	-1.7	0
107	14.4	-1.7	0
108	12.2	0.6	0.86
109	13.3	1.7	0.05
110	12.8	0	0.18
111	8.9	0	0.51
112	9.4	-2.8	0
113	13.9	-0.6	0
114	16.1	-0.6	0
115	15.6	0.6	0
116	17.8	0	0
117	21.7	0.6	0
118	22.2	2.2	0
119	20.6	-0.6	0.03
120	13.3	-2.8	0
121	18.3	0.6	0
122	20.6	1.1	0
123	23.3	2.8	0
124	23.9	6.1	0
125	26.1	6.1	0
126	25	5.6	0
127	26.7	7.8	0
128	26.1	7.8	0
129	25.6	6.7	0
130	21.1	5.6	0
131	24.4	5.6	0
132	22.2	1.1	0.41
133	8.9	0	0.48
134	11.1	-2.8	0.13
135	13.3	-0.6	0
136	17.2	-0.6	0
137	14.4	6.7	0.99
138	16.7	1.7	0
139	16.7	7.2	0.2
140	17.8	-0.6	0
141	20	4.4	0
142	17.2	2.8	0.23
143	16.1	4.4	0.81
144	14.4	3.3	0.18
145	10.6	1.1	0
146	14.4	3.3	0.05
147	15	1.7	0
148	21.7	5	0.08
149	20	7.8	0.1
150	13.3	2.2	0
151	15.6	-2.2	0
152	19.4	3.3	0
153	22.8	4.4	0
154	25	5	0
155	28.3	7.2	0
156	26.7	10	0.03
157	30	8.9	0
158	28.3	10.6	0
159	22.8	5.6	0
160	23.3	8.3	0
161	27.2	8.3	0
162	24.4	4.4	3.2
163	19.4	2.2	0.23
164	20.6	3.3	0
165	22.2	7.8	0
166	25	5.6	0
167	25	6.1	0
168	21.1	5.6	0
169	26.1	4.4	0
170	21.7	6.7	0.61
171	21.1	7.2	0
172	22.2	6.1	0
173	23.3	5.6	0
174	26.7	6.1	0
175	29.4	8.3	0
176	29.4	13.3	0.1
177	25.6	11.1	0
178	27.2	7.8	0
179	25.6	10	0
180	26.7	8.3	0.13
181	27.8	8.9	0
182	27.8	10.6	0.1
183	28.3	8.3	0
184	27.8	9.4	0.13
185	26.7	6.7	0.43
186	26.1	9.4	0.53
187	23.3	7.2	0.25
188	26.7	7.8	0
189	29.4	8.9	0
190	28.9	7.2	0
191	26.7	5.6	0
192	30	8.3	0
193	30	11.1	0
194	31.7	8.9	0
195	32.2	13.3	0
196	34.4	12.8	0
197	34.4	16.1	0
198	33.3	15	0
199	35	13.9	0
200	31.1	14.4	0.33
201	29.4	15.6	0.15
202	28.9	13.9	0
203	30	10	0
204	30.6	15.6	0
205	27.2	10.6	0.05
206	28.3	11.1	0
207	31.7	11.7	0
208	29.4	10.6	0
209	29.4	8.9	0
210	30.6	12.2	0
211	31.1	12.2	0
212	31.7	12.8	0
213	32.8	12.8	0
214	33.9	11.7	0
215	33.3	13.9	0.51
216	30.6	10.6	0
217	30	11.1	0.13
218	32.2	13.3	0
219	30.6	10	0
220	28.9	7.8	0
221	27.8	8.9	0
222	30	11.7	0
223	31.1	12.8	0
224	30	11.7	0
225	31.7	11.7	0
226	33.3	13.9	0
227	33.9	15.6	0
228	32.2	15.6	0
229	31.7	14.4	0
230	30	12.2	0.1
231	25.6	12.2	0.3
232	24.4	8.9	0.48
233	25.6	8.9	0
234	28.3	10	0
235	27.2	11.1	0.28
236	18.9	6.7	0
237	21.1	2.8	0
238	22.2	8.9	0.15
239	18.9	5	0.15
240	20	2.8	0.2
241	23.9	3.9	0
242	25.6	5.6	0
243	27.8	8.9	0
244	30	9.4	0
245	30.6	12.2	0
246	30.6	12.2	0
247	20	7.2	0
248	21.1	1.7	0
249	22.8	3.9	0
250	22.2	2.8	0
251	26.1	4.4	0
252	28.9	7.2	0
253	28.3	6.1	0
254	27.8	11.7	0
255	30	6.7	0
256	29.4	8.9	0.18
257	18.9	6.1	0.3
258	16.7	3.9	0.51
259	18.3	1.7	0.05
260	20	3.9	0.41
261	26.1	7.2	0
262	25	9.4	0
263	20.6	1.7	0.56
264	11.7	2.8	0.15
265	13.3	-0.6	0
266	10.6	-0.6	0
267	15.6	1.1	0
268	21.7	4.4	0
269	23.3	5.6	0
270	25	7.8	0
271	24.4	9.4	0
272	25.6	7.2	0
273	23.3	3.9	0
274	21.1	7.2	0.2
275	18.9	5.6	0
276	21.1	4.4	0
277	21.7	5	0
278	22.2	5.6	0
279	22.2	3.9	0
280	22.2	3.3	0
281	22.2	6.7	0
282	22.8	5.6	0
283	22.2	6.7	0
284	15.6	3.9	0.71
285	18.9	3.3	0
286	18.9	1.7	0
287	17.2	2.8	0
288	18.3	0.6	0
289	18.3	1.1	0
290	19.4	3.3	0
291	16.7	5.6	0
292	10	0	0.81
293	9.4	-0.6	0
294	8.3	3.9	1.91
295	7.8	0	0
296	7.2	-2.8	0
297	6.1	0	1.19
298	4.4	-3.3	0
299	6.1	-5.6	0
300	9.4	-1.1	0.03
301	12.8	3.3	0
302	11.7	0	1.5
303	7.2	-1.1	0.74
304	4.4	-1.1	0.2
305	2.2	-8.3	0
305	3.3	-5.6	0
306	4.4	-7.8	0
307	5	-4.4	0
308	12.2	-2.2	0
309	12.2	-2.2	0
310	11.7	-2.2	0
311	15	-1.7	0
312	14.4	0.6	0
313	13.9	1.7	0
314	11.7	1.7	0
315	10.6	0	0
316	12.8	-0.6	0
317	12.2	-3.3	0
318	4.4	-2.2	0
319	4.4	-0.6	0
320	6.7	-2.8	0
321	8.3	-2.2	0
322	7.2	-3.3	0
323	4.4	-6.1	0
324	2.2	-4.4	0
325	0.6	-10	0
326	0.6	-10	0
327	1.1	-7.2	0
328	-0.6	-7.8	0
329	2.2	-2.2	0
330	4.4	-8.9	0
331	-1.7	-8.3	0
332	-2.2	-7.8	0
333	-5	-16.7	0
334	-5.6	-13.3	0
335	-6.1	-11.1	0.15
336	-6.7	-9.4	0
337	-6.7	-8.9	0.03
338	1.7	-12.2	0
339	-1.7	-10	0
340	-3.9	-10.6	0
341	0	-5	0.33
342	0.6	-3.9	0.41
343	2.8	-7.2	0
344	2.2	-2.2	0
345	6.1	-0.6	0
346	3.9	-0.6	0
347	5	-2.8	0
348	6.1	-2.8	0
349	3.9	-2.8	0
350	0	-3.9	0
351	0.6	-3.9	0
352	-1.1	-3.3	0
353	0.6	-4.4	0
354	1.7	-6.7	0
355	-2.8	-14.4	0
356	-3.9	-12.8	0
357	-5	-18.3	0
358	-5.6	-13.9	0
359	0	-8.9	0
360	4.4	-7.8	0
361	6.1	-3.9	0
362	6.1	-2.2	0
363	5.6	-1.7	0.2
364	1.1	-2.8	0.94
365	1.7	-6.1	0.94
366	-1.1	-11.1	0.15
