#weather for site US Sheep Experiment Station year = 1961
#DOY Tmax(C) Tmin(C) PPT(cm)
1	-8.3	-16.1	0
2	-3.9	-17.2	0
3	-3.9	-15.6	0
4	-0.6	-13.9	0
5	-0.6	-11.1	0
6	3.9	-7.8	0
7	1.7	-6.1	0
8	1.7	-5.6	0
9	-1.7	-8.9	0
10	3.9	-7.2	0
11	1.7	-7.2	0
12	0	-11.7	0
13	-0.6	-7.2	0
14	0	-6.7	0
15	3.3	-5	0
16	3.3	-6.1	0
17	2.8	-6.1	0
18	1.1	-11.1	0
19	1.1	-10.6	0
20	1.7	-10	0
21	1.1	-11.7	0
22	2.8	-8.9	0
23	5	-9.4	0
24	9.4	-8.3	0
25	-3.9	-14.4	0
26	-5	-17.8	0
27	-6.1	-17.2	0
28	-3.9	-13.9	0
29	2.2	-5.6	0
30	2.8	0	0.38
31	0.6	-10	0.46
32	-0.6	-6.1	0
33	2.2	-3.3	1.14
34	1.1	-17.2	0
35	0	-11.1	0
36	0.6	-6.1	0
37	3.9	-2.2	0.03
38	0	-1.7	0.18
39	1.1	-2.8	0.15
40	4.4	0	0.3
41	6.1	0.6	0
42	3.9	-1.7	0.1
43	1.1	-9.4	0
44	2.8	-1.7	0
45	3.9	1.1	0.08
46	2.8	-1.1	0.58
47	1.7	-7.2	0.08
48	-1.1	-7.8	0
49	-2.2	-9.4	0
50	0.6	-3.9	0.08
51	1.1	-2.8	0
52	1.1	-3.9	0.13
53	0.6	-7.2	0
54	2.8	-10	0
55	1.1	-3.3	0
56	0.6	-11.1	0
57	-1.7	-12.8	0
58	2.2	-10.6	0.05
59	3.9	-6.1	0
60	1.7	-12.8	0.05
61	-2.2	-12.8	0
62	-2.8	-15	0
63	-2.2	-12.8	0.25
64	1.7	-3.9	0.46
65	1.7	-10	0
66	1.1	-11.1	0
67	3.3	-7.8	0
68	2.8	-6.7	0
69	1.7	-10	0.13
70	1.7	-12.2	0
71	3.9	-2.8	0
72	5	1.1	0.05
73	10	1.1	0
74	5.6	0	0.1
75	8.9	-2.8	0.25
76	8.9	0	0
77	6.1	-3.3	0
78	3.3	-2.8	0.38
79	2.8	-9.4	0
80	6.1	-6.7	0
81	13.9	0.6	0
82	8.3	-0.6	0.66
83	5.6	0	0.38
84	5.6	2.2	0
85	2.8	-3.9	0.18
86	5.6	-3.3	0
87	8.9	-2.8	0
88	11.1	-1.7	0
89	10	0	0
90	9.4	-1.1	0
91	16.7	1.7	0
92	21.1	1.1	0
93	18.9	-2.2	0
94	7.2	-6.1	0
95	5.6	-5	0
96	7.8	-5	0
97	6.7	-7.2	0
98	6.7	-5	0
99	7.8	-1.7	0
100	10.6	-2.2	0
101	13.3	3.3	0
102	8.9	-6.1	0
103	5	-6.7	0
104	9.4	-5	0
105	14.4	-0.6	0
106	15.6	1.7	0
107	12.8	3.9	1.07
108	11.7	-1.1	0
109	6.7	-6.1	0
110	10.6	-3.3	0
111	9.4	3.3	0
112	4.4	-3.9	0.05
113	4.4	-1.7	0
114	10	-3.3	0
115	11.7	-2.2	0
116	15	-3.3	0
117	18.3	1.1	0
118	19.4	1.7	0
119	17.2	0.6	0
120	NA	NA	NA
121	18.3	1.1	0
122	16.7	3.3	0
123	15.6	-0.6	0
124	15	3.3	0
125	7.2	-3.3	0
126	11.1	-2.8	0.03
127	12.8	-2.2	0
128	15	-1.1	0
129	23.9	2.8	0
130	22.2	6.1	0
131	16.7	6.1	0
132	10	2.2	0
133	17.8	2.2	0
134	15.6	1.7	0
135	12.2	2.8	1.14
136	12.8	2.2	0.81
137	13.3	4.4	0.23
138	13.3	2.8	0.76
139	17.8	0.6	0
140	19.4	6.1	0.43
141	19.4	4.4	0.76
142	20.6	6.1	0
143	25.6	6.7	0
144	24.4	7.8	0
145	25	9.4	0
146	25	9.4	0
147	22.2	6.1	0
148	27.2	6.7	0
149	25.6	11.1	0
150	17.2	8.9	0
151	21.1	6.1	0
152	23.3	10	0.81
153	20	8.9	0
154	21.7	7.2	0
155	20.6	5	0
156	23.3	6.7	0
157	24.4	7.2	1.04
158	22.2	8.3	0.05
159	27.8	7.8	0
160	27.2	11.7	0
161	28.3	7.8	0
162	28.9	11.7	0
163	27.2	10	0.66
164	20.6	5.6	0
165	24.4	7.8	0
166	27.2	8.9	0
167	30	10	0
168	31.1	11.1	0
169	30.6	13.3	0.08
170	31.7	14.4	0
171	32.8	13.3	0
172	32.8	11.1	0
173	31.7	11.7	0
174	31.1	12.8	0
175	31.7	11.1	0.2
176	33.3	14.4	0
177	32.2	14.4	0
178	32.2	12.2	0.03
179	31.7	12.8	0
180	31.1	15	0
181	26.7	6.7	0
182	26.7	11.7	0
183	31.7	9.4	0
184	32.8	11.7	0
185	32.2	12.8	0.33
186	31.7	17.2	0.36
187	30.6	13.3	0
188	32.2	13.9	0
189	33.3	15.6	0
190	32.2	14.4	0
191	-9999	-9999	0
192	28.9	12.2	0
193	28.3	10	0
194	28.9	12.8	0
195	28.9	14.4	0
196	-9999	-9999	0
197	33.9	13.3	0
198	32.2	15.6	0
199	31.1	12.2	0
200	31.1	12.8	0
201	31.1	15	0
202	28.3	11.7	0
203	-9999	-9999	0
204	33.9	-9999	0
205	35	-9999	0
206	32.2	10	0.33
207	30.6	12.2	0
208	-9999	-9999	0
209	32.8	11.1	0
210	32.8	11.1	0
211	32.2	15	0
212	32.2	12.8	0
213	33.9	7.2	0
214	35.6	15	0
215	-9999	-9999	0
216	36.1	17.2	0
217	35	-9999	0
218	-9999	-9999	0
219	-9999	8.9	0.28
220	22.8	12.2	0.15
221	26.7	9.4	0.1
222	27.8	4.4	0
223	29.4	13.3	0
224	-9999	-9999	0
225	-9999	-9999	0
226	27.8	11.7	0
227	31.1	13.9	0
228	28.9	14.4	0.33
229	27.2	10.6	0.1
230	31.7	3.3	0
231	-9999	-9999	0
232	-9999	-9999	0.2
233	-9999	-9999	0
234	-9999	-9999	0
235	32.2	15.6	0
236	27.2	15	0
237	27.8	12.2	0.03
238	25	12.2	0.69
239	28.3	9.4	0
240	28.3	12.8	0
241	28.3	6.7	0.03
242	25.6	9.4	0
243	22.8	8.3	0
244	21.7	5	0
245	13.3	1.1	0
246	18.3	2.2	0
247	25.6	4.4	0
248	26.1	7.8	0
249	25.6	11.1	0
250	20	8.9	0
251	25.6	10	0
252	24.4	10	1.42
253	16.1	7.8	0.03
254	16.7	5	0.51
255	12.2	0.6	0.05
256	13.3	2.8	0
257	18.3	0	0
258	24.4	7.8	0
259	22.8	9.4	1.19
260	19.4	10	0
261	17.2	8.9	2.39
262	13.3	2.2	0.03
263	12.2	2.8	0.46
264	6.7	1.1	0
265	7.2	-1.7	0
266	7.8	-0.6	0
267	11.7	-1.1	0
267	8.3	-2.8	0
268	15.6	-0.6	0
269	14.4	-1.7	0
270	15.6	-1.1	0
271	15	-0.6	0.08
272	8.3	-1.7	0
273	12.2	0	0
274	14.4	-1.7	0
275	16.7	1.1	0
276	18.3	1.1	0
277	20	3.3	0
278	18.9	5.6	0
279	6.7	-1.7	0.13
280	7.2	-1.1	0
281	11.1	-1.1	0
282	7.8	-1.1	0
283	8.3	2.2	0.1
284	11.7	1.1	0
285	17.2	1.7	0.08
286	21.1	3.9	0
287	20.6	3.9	0
288	20	4.4	0
289	18.9	3.9	0
290	13.3	-1.1	0
291	16.1	0.6	0
292	17.8	2.2	0
293	15.6	1.1	2.69
294	1.1	-8.3	1.07
295	0	-3.3	0
296	1.7	-7.2	0
297	5	-5	0
298	7.2	0	0
299	6.1	-0.6	0.05
300	2.2	-2.2	0.99
301	0.6	-5	0
302	5.6	-5	0
303	9.4	-3.9	0
304	6.1	-2.2	0
305	1.7	-10.6	0
306	1.1	-6.7	0
307	1.1	-8.3	0
308	1.1	-11.1	0
309	3.3	-7.2	0
310	10.6	-4.4	0
311	10	-2.8	0
312	11.1	-2.2	0
313	8.3	-2.2	0
314	5	-1.1	0
315	2.2	-6.7	0
316	1.1	-10.6	0
317	3.3	-7.2	0
318	1.7	-3.9	0
319	-0.6	-10	0
320	1.1	-10	0
321	0	-11.1	0
322	0.6	-7.8	0
323	-2.2	-6.1	0.89
324	-2.8	-10.6	0.66
325	1.1	-11.1	0.15
326	2.2	-3.3	0
327	4.4	-5.6	0
328	5	-4.4	0
329	4.4	0	0.08
330	2.2	0	0.13
331	3.3	-1.7	0
332	3.9	-3.3	0
333	3.3	-1.7	0
334	3.9	-1.7	0
335	2.8	-0.6	0.05
336	2.2	-2.2	0.43
337	-1.1	-12.2	0
338	0	-6.7	0
339	-1.1	-10.6	0
340	-5.6	-15	0.64
341	-6.7	-12.2	0.1
342	-9.4	-17.8	0
343	-11.1	-22.8	0
344	-16.7	-27.8	0
345	-13.3	-25.6	0
346	-8.9	-15	0.05
347	-6.1	-11.7	0.1
348	-3.9	-11.7	0.15
349	-3.3	-10.6	0
350	-1.1	-10.6	0.03
351	-3.9	-15.6	0
352	-2.8	-13.3	0.28
353	0.6	-3.9	0.1
354	1.7	-6.7	0.18
355	-5.6	-15.6	0
356	-1.7	-11.1	0
357	-1.1	-8.9	0
358	-1.7	-9.4	0
359	-7.2	-17.8	0
360	-8.3	-16.7	0
361	-5.6	-13.9	0
362	-3.3	-13.3	0
363	-3.9	-8.3	0
364	-4.4	-12.2	0
365	-1.7	-13.3	0
