#weather for site US Sheep Experiment Station year = 1946
#DOY Tmax(C) Tmin(C) PPT(cm)
1	-0.6	-11.1	0
2	2.2	-5	0.1
3	0.6	-3.9	0
4	-1.1	-6.1	0.05
5	-3.3	-10.6	0
6	-4.4	-8.3	0.2
7	0.6	-10.6	0
8	-5.6	-22.2	0
9	-8.9	-14.4	0
10	-6.1	-18.3	0
11	-9.4	-22.8	0
12	-8.9	-16.1	0
13	-3.3	-16.1	0
14	-2.2	-13.9	0
15	-1.7	-12.8	0
16	-0.6	-10	0
17	-2.2	-10.6	0
18	-4.4	-15	0
19	-4.4	-13.3	0
20	-8.3	-13.9	0.05
21	-4.4	-12.8	0.03
22	-5.6	-15	0
23	0.6	-8.9	0.38
24	1.1	-10	0
25	-7.2	-16.7	0
26	-9.4	-15	0
27	-3.9	-16.7	0
28	-3.9	-14.4	0.13
29	-10.6	-20.6	0
30	-7.8	-18.9	0
31	-7.2	-17.8	0
32	-2.8	-11.1	0
33	0	-10.6	0.03
34	-1.7	-11.7	0.3
35	-9.4	-21.1	0.38
36	-4.4	-15.6	0
37	-2.2	-9.4	0.33
38	-6.1	-21.1	0.15
39	-7.2	-16.1	0
40	-7.2	-16.1	0.08
41	-7.8	-13.9	0.2
42	-10	-20.6	0
43	-8.9	-20	0
44	-3.9	-16.7	0
45	-1.1	-13.9	0
46	2.2	-11.1	0
47	-0.6	-15	0
48	-0.6	-11.7	0
49	2.2	-11.7	0
50	1.7	-3.9	0
51	0	-9.4	0.13
52	0.6	-3.9	0.2
53	3.9	-8.9	0
54	9.4	-6.1	0
55	2.8	-4.4	0.1
56	-2.8	-12.2	0
57	-2.2	-10.6	0.25
58	1.7	-8.9	0.2
59	-1.1	-10.6	0
60	3.3	-8.3	0
61	2.2	-3.9	0
62	0.6	-6.7	0
63	1.1	-9.4	0
64	0.6	-8.3	0
65	1.7	-12.2	0
66	0	-10.6	0
67	3.3	-10.6	0
68	3.9	-6.7	0
69	7.2	-3.3	0
70	1.7	-4.4	0
71	1.7	-0.6	0
72	7.2	-2.2	0
73	0.6	-5.6	0.28
74	1.7	-8.3	0.33
75	2.2	-10.6	0
76	6.7	-5.6	0
77	7.2	-1.7	0
78	4.4	1.1	1.57
79	3.9	-3.9	0.48
80	1.7	-5	0
81	3.3	-2.8	0
82	2.8	-3.3	0.25
83	-0.6	-10.6	0
84	2.8	-7.2	0
85	6.7	-2.8	0
86	11.1	0.6	0
87	8.9	-0.6	0.03
88	6.7	-2.8	0.48
89	3.3	0	0.71
90	3.9	-7.8	0
91	4.4	-3.9	0
92	5	-4.4	0
93	7.8	-1.7	0
94	8.9	-0.6	0.1
95	11.7	1.1	0
96	11.1	-2.8	0
97	9.4	-3.3	0.05
98	7.2	-3.9	0
99	8.9	-6.7	0
100	12.8	-1.7	0
101	18.3	-0.6	0
102	18.3	4.4	0
103	15	3.9	0
104	17.8	1.1	0
105	21.7	2.2	0
106	23.9	3.9	0
107	23.3	7.8	0
108	23.3	3.9	0
109	18.3	3.9	0.2
110	14.4	-0.6	0
111	14.4	-1.7	0
112	16.7	-1.7	0
113	22.2	2.8	0
114	25	6.1	0
115	24.4	8.3	0
116	16.7	1.7	0
117	18.9	1.7	0
118	21.1	3.9	0
119	15.6	-3.9	0.03
120	13.3	-3.9	0
121	20	2.8	0
122	21.7	6.7	0
123	22.8	6.7	0
124	21.1	8.9	0
125	18.3	2.2	0
126	18.3	5	0
127	16.1	6.7	0.13
128	11.7	2.2	0
129	11.1	-2.8	0
130	16.7	0	0
131	19.4	0	0
132	16.7	6.1	0
133	13.9	-0.6	0
134	16.7	3.9	0
135	18.9	3.3	0
136	22.8	3.3	0
137	21.7	8.3	0
138	14.4	-1.1	0
139	16.7	0	0
140	19.4	6.1	1.24
141	16.7	5.6	0.61
142	15	3.3	0.03
143	15	6.7	0
144	18.3	6.1	0.94
145	13.9	8.3	0.64
146	18.3	7.2	1.07
147	8.9	6.1	0.94
148	10	5.6	0.05
149	13.9	2.2	0
150	17.2	2.2	0
151	15.6	7.8	0
152	21.7	5	0
153	26.7	8.9	0
154	27.2	8.3	0
155	26.1	11.1	0
156	22.2	9.4	0
157	20	0.6	0
158	26.1	4.4	0
159	28.3	9.4	0
160	26.1	9.4	0
161	22.2	6.7	0.97
162	19.4	2.8	0.13
163	23.3	6.7	0
164	23.9	10	0
165	24.4	10.6	0
166	24.4	10.6	0
167	20	7.8	0
168	19.4	10.6	0
169	21.7	9.4	0
170	25	9.4	0
171	26.7	7.2	0
172	28.3	11.7	0.05
173	25.6	7.2	0
174	21.1	5	1.14
175	20.6	5.6	0
176	25	10	0
177	23.9	7.2	0
178	24.4	7.8	0
179	23.9	7.8	0
180	26.7	6.7	0
181	30	8.3	0
182	28.3	11.7	0
183	26.1	9.4	0
184	28.9	7.8	0
185	27.8	8.3	0
186	27.8	8.9	0.15
187	31.1	10.6	0
188	29.4	10.6	0
189	26.7	6.1	0
190	26.7	8.3	0
191	30.6	10.6	0
192	32.2	13.3	0
193	31.7	15	0
194	32.2	12.8	0
195	31.1	15	0
196	31.1	12.8	0
197	30.6	15.6	0
198	27.8	12.8	0
199	31.7	11.7	0
200	32.8	12.8	0
201	35	13.9	0
202	35	16.7	0
203	31.7	16.7	0
204	32.2	14.4	0
205	32.2	13.3	0
206	27.8	15.6	0.1
207	32.2	11.7	0
208	34.4	11.1	0
209	33.3	16.7	0
210	27.8	10.6	0.33
211	23.3	11.1	0.64
212	29.4	8.9	0
213	31.7	13.3	0
214	32.8	14.4	0
215	33.3	12.2	0
216	34.4	14.4	0
217	32.2	10	0
218	29.4	8.9	0
219	27.2	11.7	0
220	31.1	11.7	0
221	34.4	11.7	0
222	33.3	13.3	0
223	31.1	10.6	0
224	31.1	12.8	0
225	28.3	10	0
226	28.3	7.8	0
227	30.6	7.2	0
228	31.1	11.1	0
229	31.1	11.1	0
230	33.3	10.6	0
231	33.3	13.3	0
232	33.3	16.7	0
233	32.8	13.9	0
234	28.9	14.4	0.03
235	23.9	11.7	0
236	26.7	10	0
237	24.4	8.9	0.41
238	26.1	8.3	0
239	24.4	10.6	0.08
240	27.8	9.4	0
241	28.9	10.6	0
242	28.9	10.6	0
243	27.8	12.2	0
244	29.4	12.2	0
245	28.9	12.2	0
246	23.9	8.3	0.08
247	18.3	7.8	0.25
248	22.2	6.1	0
249	20	7.2	0.05
250	15	3.3	0
251	18.9	1.7	0
252	25.6	3.3	0
253	29.4	8.9	0
254	28.9	8.9	0
255	28.9	6.1	0
256	30.6	8.9	0
257	26.1	11.1	0
258	16.7	5	0.33
259	8.9	0	0.48
260	14.4	0.6	0
261	18.3	-2.2	0
262	22.2	3.3	0
263	22.2	9.4	0
264	15	-3.9	0
265	18.3	-2.2	0
266	24.4	2.8	0
267	24.4	5.6	0
268	24.4	8.9	0
269	21.1	1.1	0
270	18.3	1.7	0
271	23.3	2.2	0
272	26.1	8.3	0
273	20.6	2.8	1.09
274	12.2	3.3	1.07
275	10.6	-1.1	0
276	12.2	-0.6	0
277	8.3	2.2	0
278	9.4	1.1	0
279	6.1	-1.1	0
280	8.9	-0.6	0
281	7.8	0	0
282	5.6	-5.6	0
283	8.3	-7.2	0
284	9.4	-0.6	0
285	10.6	-3.9	0
286	11.1	0.6	0
287	9.4	-1.7	0.23
288	9.4	0.6	0
289	7.2	-5.6	0
290	7.2	-3.3	0.05
291	8.9	-3.9	0
292	14.4	-1.1	0
293	13.9	4.4	0
294	12.8	2.8	0
295	8.9	-6.1	0
296	5	-7.2	0
297	13.3	1.1	0
298	12.2	-2.2	0
299	0.6	-5	0
300	0.6	-3.9	0.3
301	1.1	-5	0
302	2.2	-8.9	0
303	0.6	-6.1	0
304	-1.1	-5	0.15
305	-1.7	-8.3	0
306	1.1	-12.8	0
307	7.8	-10	0
308	7.8	-5	0
309	4.4	-5	0
310	1.1	-2.2	0.25
311	1.1	-2.8	0
312	0.6	-5.6	0
313	-1.1	-10.6	0
314	3.9	-7.2	0
315	5	-8.9	0
316	8.9	-6.7	0
317	7.2	0.6	0
318	2.8	-2.2	0
319	2.2	-4.4	0
320	5	-3.3	0
321	11.7	0.6	0.28
322	2.8	0.6	1.83
323	3.9	-3.3	2.77
324	-1.1	-9.4	0
325	2.8	-3.3	0.08
326	2.2	-1.1	0.33
327	-0.6	-5.6	0
328	-1.7	-7.2	0
329	0	-2.8	0.3
330	3.3	-0.6	0.05
331	5	1.1	0
332	6.1	0	0
333	3.3	-4.4	0
334	5.6	-4.4	0
335	2.2	-2.8	0
336	7.2	-1.7	0
337	6.7	0	0
338	5	1.7	0.81
339	3.9	0	0.97
340	2.8	-2.8	0
341	1.1	-3.9	0
342	-1.1	-3.3	0
343	-1.7	-3.3	0
344	0.6	-2.8	0
345	2.2	-1.7	0
346	2.8	-2.8	0
347	2.8	-0.6	0
348	7.8	-1.7	0
349	1.7	-10.6	0
350	-7.2	-17.8	0
351	-8.9	-15	0
352	-5	-11.7	0
353	-2.2	-10.6	0
354	2.2	-5	0
355	1.7	-5.6	0
356	1.7	-6.7	0
357	2.8	-4.4	0
358	3.9	-5	0
359	3.3	0	0.38
360	2.2	-1.7	0.46
361	0.6	-15.6	0.15
362	-7.8	-14.4	0
363	-9.4	-16.1	0
364	-12.2	-17.2	0
365	-9.4	-15.6	0
