#weather for site US Sheep Experiment Station year = 1995
#DOY Tmax(C) Tmin(C) PPT(cm)
1	-8.3	-19.4	0
2	-8.3	-20.6	0
3	-4.4	-17.8	0
4	-1.7	-11.7	0
5	-3.9	-9.4	0.03
6	-1.1	-10.6	0.41
7	1.1	-4.4	0
8	2.8	-1.1	0.41
9	3.3	0.6	0.03
10	2.2	-3.3	0.53
11	0.6	-5	0.03
12	0.6	-3.9	0.25
13	3.3	-1.1	0.36
14	2.2	-1.1	0.46
15	1.1	-7.2	0.08
16	-1.7	-10.6	0
17	-3.9	-12.2	0
18	0.6	-10	0.13
19	-2.8	-14.4	0
20	-2.2	-14.4	0
21	-2.2	-15.6	0
22	-3.3	-18.9	0
23	2.2	-12.2	0
24	4.4	-2.8	0.05
25	3.3	0	0.36
26	1.1	-3.9	0.38
27	2.2	-12.2	0
28	-1.7	-12.8	0
29	-1.1	-5.6	0.23
30	2.2	-2.8	0.05
31	2.2	-2.2	0
32	4.4	-5	0.18
33	6.1	-4.4	0
34	6.1	-3.3	0
35	6.1	-2.2	0
36	6.7	-5	0
37	4.4	-5	0
38	3.3	-2.2	0
39	1.7	-9.4	0
40	-2.2	-10.6	0
41	-6.7	-15	0
42	-11.1	-17.8	0
43	-7.8	-18.3	0.1
44	-3.3	-10	0.1
45	-3.3	-13.9	0
46	-2.2	-15	0
47	2.2	-10	0
48	2.2	-4.4	0
49	4.4	-2.2	0
50	8.3	-1.1	0
51	11.1	-3.3	0
52	5.6	-5	0
53	7.8	-5	0
54	7.8	-2.8	0
55	6.1	-3.3	0
56	5.6	-2.2	0
57	7.8	-2.8	0
58	2.8	-8.9	0
59	-2.2	-11.7	0
60	1.7	-13.3	0
61	1.7	-5	0.25
62	2.8	-3.9	0.08
63	1.7	-6.1	0.18
64	-1.7	-15	0
65	-1.1	-14.4	0
66	4.4	-8.9	0
67	7.8	1.1	0
68	6.1	1.1	1.09
69	4.4	1.7	3.84
70	4.4	-0.6	0.25
71	5.6	-1.7	0.03
72	4.4	0	0.13
73	10.6	1.1	0.08
74	7.2	-4.4	0
75	7.2	-4.4	0
76	7.8	-2.2	0.08
77	7.2	-2.8	0
78	5.6	-4.4	0
79	4.4	-0.6	0.84
80	4.4	-3.3	0.05
81	5.6	-2.2	0
82	1.1	-3.9	1.09
83	4.4	-8.3	0
84	2.2	-9.4	0
85	1.7	-8.3	0
86	1.1	-6.7	0
87	3.3	-8.9	0
88	4.4	-10	0
89	8.9	-6.1	0
90	10	-3.3	0
91	10	-2.8	0
92	NA	NA	NA
93	13.9	-1.1	0
94	15.6	-1.1	0
95	16.1	2.8	0
96	16.7	3.3	0
97	15.6	1.1	0.03
98	10	-1.7	0.56
99	3.3	-7.2	0
100	7.8	-3.9	0
101	10	-5	0
102	14.4	2.2	0
103	17.8	3.9	0
104	13.9	-1.1	0.25
105	6.7	-4.4	0
106	9.4	-5	0
107	11.7	-1.1	0
108	10.6	-2.2	0
109	12.2	-1.1	0.05
110	8.3	-5.6	0
111	11.7	-1.1	0
112	11.7	0	0
113	12.8	-1.1	0
114	13.9	-3.9	0
115	12.2	2.2	0
116	11.7	-3.3	0
117	16.1	-0.6	0
118	15.6	0	1.4
119	8.9	0	1.22
120	8.3	-0.6	1.14
121	8.9	-1.1	0.23
122	9.4	2.8	0.41
123	11.1	0	0.08
124	14.4	1.1	0.28
125	13.3	4.4	1.17
126	11.7	-0.6	3.07
127	10.6	1.7	2.34
128	15.6	3.3	0.13
129	16.7	2.8	0
130	16.7	2.8	0
131	11.7	5.6	0.76
132	8.9	2.2	1.19
133	7.8	0	0.64
134	12.8	-0.6	0.08
135	20	1.7	0
136	20	1.1	0
137	18.9	5	0
138	17.8	5.6	0.08
139	17.8	3.9	0
140	20	2.8	0
141	20	4.4	0
142	18.3	5	0
143	17.2	1.7	0
144	17.2	2.2	0
145	17.8	2.8	0
146	16.7	3.9	0.15
147	16.7	3.3	0
148	20	1.1	0
149	21.7	3.9	0
150	22.8	3.9	0
151	22.8	7.2	0.3
152	22.2	7.2	0
153	22.2	6.7	0.38
154	22.2	7.2	2.82
155	18.3	8.9	0.03
156	19.4	8.3	0.81
157	12.2	-0.6	2.57
158	13.9	-2.2	0.03
159	10.6	3.3	0.86
160	11.1	3.9	0.03
161	15.6	1.7	0
162	22.2	5	0
163	26.1	8.3	0
164	26.1	8.3	0
165	25.6	7.8	0
166	25.6	7.8	0
167	24.4	8.9	0
168	21.1	6.1	0
169	19.4	4.4	0.36
170	13.9	4.4	2.51
171	16.1	1.1	0
172	17.2	4.4	0.91
173	14.4	3.9	0.64
174	18.9	3.3	0.15
175	23.9	6.7	0.13
176	25.6	8.3	0
177	26.7	9.4	0
178	26.7	11.1	0
179	24.4	7.8	0.13
180	21.7	5	0
181	23.3	6.7	0
182	25	8.3	0
183	23.3	8.3	0.03
184	20	7.2	0.53
185	21.1	7.2	0
186	26.7	6.1	0
187	27.8	9.4	0
188	28.9	10	0.03
189	31.1	11.7	0
190	31.1	13.9	0.2
191	28.9	12.2	0
192	27.8	11.1	0.3
193	27.8	11.7	1.07
194	21.1	7.2	0
195	23.3	6.7	0
196	25.6	7.2	0
197	27.8	10.6	0
198	28.9	12.2	0
199	29.4	10	0
200	28.3	13.3	0
201	24.4	11.7	1.68
202	23.9	8.9	0.13
203	25.6	8.3	0.13
204	25.6	7.8	0
205	26.7	8.9	0.18
206	27.2	7.8	0
207	27.8	11.1	0
208	30.6	7.2	0
209	31.7	10	0
210	32.2	14.4	0
211	21.7	7.8	0.08
212	23.9	3.9	0
213	27.8	6.7	0
214	31.1	8.9	0
215	31.7	11.1	0
216	30	12.8	0
217	30	10	0
218	33.3	11.1	0
219	32.8	14.4	0
220	27.2	5.6	0.13
221	25.6	2.8	0
222	32.2	10.6	0.05
223	30.6	11.7	0
224	28.3	5.6	0
225	26.7	7.2	0
226	26.1	5.6	0
227	31.1	7.2	0
228	31.1	11.7	0
229	28.9	11.7	0
230	23.3	5	0
231	25	2.8	0
232	31.1	6.1	0
233	30.6	10	0
234	31.1	10	0
235	31.1	15	0.43
236	27.8	11.7	0.28
237	26.7	12.8	0.36
238	29.4	8.9	0
239	29.4	8.9	0
240	30	8.3	0
241	30	7.8	0
242	26.7	5	0
243	28.9	8.9	0
244	31.1	10.6	0
245	32.2	11.1	0
246	31.7	11.7	0.08
247	29.4	13.3	0.61
248	25	7.2	0.61
249	25	8.3	0
250	26.7	9.4	0
251	26.1	5.6	0
252	21.1	6.1	0
253	22.2	4.4	0.2
254	23.3	3.9	0
255	25.6	5.6	0
256	28.3	7.8	0
257	27.8	7.8	0
258	28.9	6.7	0
259	29.4	8.9	0
260	25	11.1	0
261	24.4	6.7	0
262	22.8	6.7	0.18
263	18.3	3.9	0.91
264	13.3	-4.4	0
265	13.9	-3.9	0
266	17.2	5.6	0
267	17.2	-1.7	0
268	20	0.6	0
269	20	3.3	0
270	20.6	3.9	0
271	20	3.3	0
272	20	4.4	0
273	13.9	-1.7	0
274	16.7	-1.1	0
275	11.1	-3.9	0
276	11.1	3.3	0.18
277	11.7	2.2	0.18
278	11.1	-1.1	0
279	12.2	-3.3	0
280	9.4	3.3	0.33
281	9.4	-3.3	0
282	13.9	-1.7	0
283	18.3	-0.6	0
284	22.8	4.4	0
285	21.1	1.1	0.23
286	11.1	-5.6	0
287	13.9	-3.3	0
288	18.3	1.7	0
289	17.8	1.1	0
290	16.7	-1.7	0
291	16.1	2.8	0
292	10.6	-5.6	0
293	12.8	-3.9	0
294	12.2	-1.1	0.58
295	10	-2.2	0
296	6.1	-8.9	0
297	8.9	-3.9	0
298	10	-1.1	0
299	15	0	0
300	13.9	-4.4	0
301	10.6	-5	0
302	11.1	-2.2	0
302	12.2	-1.1	0
303	6.7	-6.7	0
304	0	-12.2	0
305	-1.1	-14.4	0
306	2.8	-12.2	0
307	1.7	-12.8	0
308	5	-3.3	0
309	5.6	-8.9	0
310	5	-6.7	0
311	10.6	-2.2	0
312	10	-2.8	0.15
313	8.3	-11.7	0
314	3.3	-6.7	0.53
315	6.7	-1.7	0
316	5.6	-1.1	0
317	10	0	0
318	12.2	-0.6	0
319	11.7	1.1	0
320	11.1	1.1	0
321	11.1	0	0
322	9.4	-1.7	0
323	12.8	-2.2	0
324	9.4	-2.2	0
325	8.9	-2.2	0
326	5.6	-2.8	0
327	9.4	-0.6	0
328	10	-1.1	0
329	9.4	0.6	0.13
330	3.9	-7.8	0
331	1.1	-3.9	0.86
332	5	-3.9	0
333	11.1	0	0
334	11.7	4.4	0
335	7.8	-4.4	0
336	0.6	-8.3	0
337	8.3	-1.7	0
338	1.7	-10	0.05
339	-2.8	-8.9	0.08
340	-2.2	-7.8	0
341	-3.3	-14.4	0
342	-2.2	-12.2	0
343	3.3	-3.9	0
344	5	-2.2	0
345	4.4	-0.6	1.93
346	5	-2.2	0.18
347	2.8	-1.7	0
348	4.4	-2.8	0
349	3.3	-2.8	0.15
350	0	-9.4	0
351	1.7	-11.1	0
352	0.6	-11.1	0
353	0.6	-12.2	0
354	-1.1	-11.7	0
355	-0.6	-12.2	0
356	-0.6	-13.9	0
357	1.7	-13.3	0
358	3.9	-12.8	0
359	1.7	-12.2	0
360	0	-13.9	0
361	1.1	-11.7	0
362	-4.4	-10.6	0.13
363	-2.8	-5.6	0.33
364	5	-7.8	0
365	1.7	-9.4	0
