#weather for site US Sheep Experiment Station year = 1971
#DOY Tmax(C) Tmin(C) PPT(cm)
1	-11.7	-18.3	0
2	-7.2	-18.9	0
3	-15	-26.7	0
4	-17.2	-28.9	0
5	-16.1	-26.7	0
6	-13.9	-20.6	0.08
7	-9.4	-15.6	0.33
8	-5.6	-12.8	0
9	1.7	-6.7	0.08
10	-0.6	-10.6	0
11	-2.2	-7.2	0.18
12	-4.4	-15.6	0.03
13	-5.6	-20.6	0.05
14	-0.6	-11.1	0.03
15	-0.6	-1.7	0.13
16	3.3	-1.1	0.2
17	2.2	-0.6	0
18	1.7	-0.6	0.13
19	2.8	-5	0
20	-5	-14.4	0
21	-6.1	-17.2	0
22	-5.6	-11.7	0
23	-5	-8.3	0
24	-1.1	-10	0
25	0.6	-7.2	0
26	1.1	-4.4	0
27	-1.1	-5	0
28	-1.7	-3.9	0
29	0	-4.4	0
30	1.1	-3.3	0
31	3.9	-1.1	0
32	1.7	-1.1	0.13
33	-1.1	-7.2	0.38
34	-6.1	-14.4	0
35	-5	-13.9	0
36	-7.2	-14.4	0
37	-6.1	-13.3	0
38	-1.1	-11.7	0
39	-3.3	-12.2	0
40	0	-6.7	0.03
41	5.6	-3.3	0.05
42	6.1	-6.1	0
43	5.6	-5.6	0
44	1.7	-7.2	0
45	5	-2.2	0
46	1.7	-11.1	0
47	-0.6	-8.9	0.1
48	3.3	-7.2	0.03
49	0	-4.4	0.86
50	-1.1	-10.6	0
51	-3.3	-17.2	0
52	-1.7	-16.1	0
53	-3.3	-15	0
54	-1.1	-7.8	0.03
55	-1.1	-13.3	0.05
56	-5	-13.3	0
57	-6.7	-18.9	0.05
58	-7.2	-15.6	0
59	-8.9	-17.2	0
60	-8.3	-22.2	0
61	-0.6	-11.1	0
62	0	-12.8	0
63	-1.1	-13.9	0.1
64	-6.1	-18.3	0
65	-2.8	-13.9	0
66	2.2	-8.3	0
67	0	-10	0
68	0.6	-7.2	0
69	4.4	-4.4	0
70	2.2	0.6	0.2
71	2.2	-2.8	0.08
72	2.2	-9.4	0
73	1.1	-10.6	0
74	1.1	-11.1	0
75	-3.3	-7.8	0.08
76	-3.9	-13.9	0
77	-1.7	-15	0
78	2.8	-11.7	0
79	5	-8.3	0
80	3.3	-5.6	0
81	3.3	-0.6	0.08
82	3.3	-2.2	0
83	3.9	-3.9	0
84	5.6	0	0.58
85	5	-5	0.03
86	1.1	-8.3	0
87	4.4	-6.1	0
88	10	-0.6	0
89	8.9	-3.9	0
90	1.7	-9.4	0
91	3.9	-6.1	0
92	5.6	-5	0
93	6.1	-7.2	0
94	8.9	-6.1	0
95	12.2	-3.3	0
96	13.9	1.7	0
97	7.8	-2.8	0
98	15.6	-1.7	0
99	13.9	0.6	0
100	6.7	-6.7	0
101	5.6	-5	0
102	12.2	-7.8	0
103	19.4	-0.6	0
104	15.6	3.9	0.05
105	11.7	-1.7	0
106	10	1.7	0.08
107	7.2	0	0
108	11.7	1.7	0
109	8.3	1.7	0.56
110	10	0.6	1.19
111	8.9	3.9	0
112	10.6	1.7	0.53
113	6.7	0.6	1.12
114	7.8	3.9	0
115	NA	NA	NA
116	6.1	-1.1	0.05
117	8.9	-2.8	0
118	11.7	0	0
119	14.4	1.7	0
120	18.3	0	0
121	20.6	2.2	0
122	23.3	4.4	0
123	23.3	8.3	0
124	18.3	8.3	0
125	15.6	1.1	0.13
126	16.1	2.8	0.33
127	18.3	3.9	0
128	17.2	4.4	0
129	17.2	5	0
130	18.9	4.4	0
131	20	4.4	0
132	21.7	3.3	0
133	21.7	7.2	0.03
134	17.2	-0.6	0
135	21.1	1.1	0
136	15.6	0.6	0.18
137	8.9	-2.8	0
138	8.9	0.6	0.1
139	15	1.1	0
140	15	0	0
141	12.8	0.6	0.3
142	9.4	3.3	0.1
143	17.8	3.3	0
144	20	4.4	0
145	21.7	5.6	0
146	25	6.1	0
147	27.2	8.9	0
148	25.6	7.2	0
149	21.1	8.3	0
150	18.9	7.2	1.75
151	13.9	6.1	0.2
152	13.9	1.1	0.76
153	16.7	0.6	0
154	16.1	4.4	0
155	16.7	3.3	0.2
156	18.3	4.4	0
157	20	4.4	0.13
158	21.7	5	0
159	21.7	8.3	0.13
160	21.7	7.8	0.13
161	21.7	7.8	0.18
162	13.9	7.2	0.18
163	18.9	6.7	0.25
164	22.8	7.2	0
165	22.2	7.8	0
166	22.8	4.4	0
167	25.6	7.8	0
168	24.4	8.3	0
169	25.6	8.3	0
170	24.4	8.9	0
171	27.8	9.4	0
172	30.6	13.3	0
173	31.1	12.8	0
174	31.1	10.6	0
175	29.4	9.4	0
176	28.3	10.6	0
177	24.4	10	0.61
178	16.7	6.7	2.29
179	16.7	5.6	0.25
180	17.2	1.1	0
181	20.6	2.8	0
182	26.1	5	0
183	28.3	10.6	0
184	21.7	8.3	0.48
185	22.8	5	0
186	26.1	6.1	0
187	25	6.7	0
188	23.9	5.6	0
189	26.7	7.8	0
190	28.9	7.8	0.18
191	28.9	11.1	0
192	25	6.7	0
193	26.1	8.3	0
194	30	11.7	0
195	30	12.8	0
196	32.8	12.8	0
197	34.4	14.4	0
198	32.2	15	0
199	31.7	16.7	0
200	28.3	12.2	0
201	29.4	12.2	0.66
202	27.8	12.2	0.13
203	23.9	11.1	0
204	28.9	9.4	0
205	30.6	10.6	0
206	27.8	12.2	0
207	29.4	11.1	0
208	30	12.2	0
209	28.9	12.2	0
210	28.3	10.6	0
211	32.2	10.6	0
212	31.7	12.2	0
213	32.2	12.8	0
214	33.3	12.8	0
215	32.2	13.3	0.13
216	32.2	11.1	0.1
217	33.9	13.3	0
218	33.3	13.3	1.04
219	30.6	13.9	0.05
220	32.2	13.9	0
221	32.2	14.4	0
222	32.2	15	0
223	32.8	15	0
224	33.3	12.8	0
225	33.9	12.2	0
226	34.4	14.4	0
227	32.2	15	0
228	32.2	12.8	0
229	30.6	13.3	0
230	28.3	8.3	0.13
231	30.6	10	0
232	32.2	12.2	0
233	31.7	9.4	0
234	31.1	10.6	0
235	31.1	6.1	0
236	28.9	6.1	0
237	28.9	8.3	0
238	30	12.2	0
239	32.2	12.2	0
240	31.7	14.4	0
241	29.4	11.7	1.17
242	24.4	11.1	1.09
243	24.4	12.8	0.38
244	23.3	4.4	0
245	22.8	8.9	0
246	17.8	3.9	0.25
247	16.1	1.1	0
248	21.7	2.2	0
249	26.7	7.8	0
250	17.8	7.8	1.32
251	19.4	6.7	0
252	23.9	6.1	0
253	27.2	6.7	0
254	28.9	7.8	0
255	27.8	6.7	0
256	26.7	5	0
257	27.2	3.3	0
258	17.8	1.1	0
259	15.6	0	0
260	10	-1.7	0
261	13.9	-3.9	0
262	16.7	-3.9	0
263	16.7	2.2	0
264	14.4	0.6	0
265	16.7	-1.1	0
266	20.6	2.2	0
267	22.8	2.8	0
268	21.7	6.1	0
269	13.3	-0.6	0.28
270	11.1	-1.1	0
271	10	-1.7	0
272	9.4	1.1	0.18
273	4.4	2.8	0.28
274	5	0	0.08
275	9.4	-2.2	0
276	11.7	-2.2	0
277	15	0	0
278	20.6	3.3	0
279	21.1	3.9	0
280	23.3	7.8	0
281	21.7	5.6	0
282	23.3	5.6	0
283	22.8	5.6	0
284	21.1	4.4	0
285	17.2	2.8	0
286	20.6	2.8	0
287	20	3.3	0.33
288	7.8	-4.4	0
289	3.3	-2.8	0.08
290	8.9	-1.1	0
291	8.9	-1.7	0.1
292	8.9	-2.8	0
293	9.4	0	0
294	7.8	3.3	0.03
295	12.2	0	0
296	15.6	0.6	0
297	13.9	0.6	0
298	5.6	-2.8	0
299	7.2	0	0
300	6.7	-3.9	0.03
301	-3.9	-11.1	0.03
302	-0.6	-12.8	0
303	-1.1	-12.8	0.1
304	0	-8.3	0.36
304	-2.2	-7.8	0.33
305	-0.6	-16.1	0.03
306	1.1	-8.9	0
307	6.7	-7.2	0
308	2.2	-11.1	0
309	0.6	-3.9	0
310	4.4	-8.9	0
311	3.3	-8.9	0
312	9.4	-2.8	0
313	12.2	0	0
314	11.7	0.6	0
315	12.2	1.1	0
316	6.7	-1.1	0.3
317	1.7	-0.6	0.46
318	1.7	-3.9	0.91
319	0	-7.2	0
320	-3.9	-12.2	0
321	-2.2	-13.3	0
322	-2.8	-9.4	0
323	1.1	-3.3	0
324	0	-8.9	0
325	0.6	-3.9	0
326	0	-8.3	0
327	3.9	-2.8	0
328	2.8	-5.6	0
329	-1.7	-9.4	0.36
330	3.3	-3.9	0
331	-0.6	-8.3	0.38
332	1.1	-7.8	0
333	-1.1	-9.4	0
334	-3.9	-13.3	0
335	-3.3	-16.1	0
336	-2.8	-9.4	0.1
337	-3.9	-15	0
338	-3.3	-10.6	0.81
339	1.1	-5.6	0.33
340	-5	-16.1	0
341	-15	-24.4	0.03
342	-7.2	-16.1	0.58
343	-8.3	-18.9	0.03
344	-8.3	-17.2	0
345	-6.7	-17.8	0.3
346	-5.6	-16.1	0.08
347	-7.8	-15	0.46
348	-8.3	-16.7	0.03
349	-10.6	-21.7	0
350	-5.6	-12.8	0
351	-1.7	-12.2	0
352	-8.3	-14.4	0.03
353	-8.3	-13.3	0
354	-2.8	-12.8	0
355	1.1	-8.3	0.81
356	1.7	-6.7	0.05
357	0.6	-10	0.03
358	2.2	0	0.18
359	1.7	-9.4	0.41
360	-6.1	-14.4	0.03
361	-7.2	-20.6	0
362	-8.3	-12.8	0.08
363	-11.1	-18.9	0
364	-7.8	-17.8	0.03
365	-7.8	-16.1	0
