#weather for site US Sheep Experiment Station year = 1998
#DOY Tmax(C) Tmin(C) PPT(cm)
1	3.3	-3.3	0.08
2	3.3	-2.8	0
3	4.4	-2.2	0
4	1.1	-6.1	0.15
5	-3.3	-10.6	0
6	-3.9	-9.4	0.1
7	-1.7	-14.4	0.13
8	-5.6	-18.9	0
9	-0.6	-15	0
10	1.7	-7.2	0
11	0.6	-11.1	0
12	1.7	-3.9	0.23
13	-1.1	-7.2	0
14	2.8	-4.4	0.61
15	-3.9	-16.1	0
16	1.1	-6.7	0.2
17	2.8	-9.4	0
18	1.7	-4.4	0.86
19	-0.6	-3.9	0
20	-1.1	-12.2	0
21	-4.4	-13.3	0
22	-1.1	-12.8	0
23	-1.1	-3.9	0.13
24	-0.6	-8.9	0
25	1.1	-8.3	0
26	2.2	-3.3	0
27	1.7	-8.3	0
28	4.4	-6.7	0
29	4.4	-3.9	0
30	0.6	-10.6	0
31	1.1	-6.7	0
32	0.6	-7.2	0.15
33	5	-4.4	0.03
34	7.2	-2.8	0
35	5	-3.3	0.03
36	3.3	-4.4	0
37	1.7	-1.1	0.58
38	2.2	-1.1	0.48
39	1.7	-3.3	0.46
40	-2.2	-12.8	0
41	2.8	-6.7	0.03
42	-0.6	-5	0
43	1.7	-3.9	0.18
44	1.7	-8.9	0.25
45	5	-2.2	0.33
46	2.2	-2.8	0
47	2.2	-5.6	0
48	2.8	-8.9	0
49	0.6	-5	0
50	4.4	-9.4	0
51	2.2	-6.1	0.1
52	0.6	-3.3	0
53	-0.6	-12.2	0
54	1.7	-7.8	0.25
55	-1.7	-13.3	0
56	0.6	-13.3	0
57	-1.7	-15.6	0
58	-3.9	-17.8	0
59	-1.1	-11.1	0
60	2.2	-9.4	0
61	1.1	-3.9	0.48
62	2.2	-10	0
63	-0.6	-13.9	0
64	-6.7	-13.9	0
65	-3.9	-15	0
66	-1.7	-12.2	0
67	-2.8	-17.2	0
68	1.7	-6.7	0
69	4.4	-5.6	0
70	7.2	-7.2	0
71	7.2	-6.7	0
72	11.7	-5	0
73	7.2	-3.9	0
74	7.2	0	0.03
75	4.4	-4.4	0
76	2.2	-6.7	0
77	3.9	-7.8	0
78	4.4	-7.8	0
79	8.9	-4.4	0
80	4.4	0.6	0
81	6.7	1.1	0.1
82	6.7	1.7	0.53
83	8.3	1.1	0.71
84	9.4	0.6	0
85	8.9	-1.7	0.13
86	5.6	-2.8	0
87	6.1	-1.7	0
88	8.9	-3.3	0
89	8.9	-5.6	0
90	11.7	-4.4	0
91	12.2	-1.1	0.15
92	8.3	-0.6	0.1
93	8.3	-1.7	0.38
94	7.2	-0.6	0.33
95	NA	NA	NA
96	8.9	-1.7	0.13
97	10	-3.3	0.08
98	7.8	-2.2	0.05
99	8.3	-3.3	0
100	13.3	-1.1	0
101	12.2	1.1	0.08
102	10.6	-0.6	1.12
103	5.6	-5.6	0.64
104	7.2	-3.3	0.05
105	7.8	-3.3	0
106	10	-1.7	0
107	9.4	-2.2	0
108	11.7	-5	0
109	13.3	-0.6	0
110	16.1	-1.1	0
111	17.2	0	0
112	21.7	1.1	0
113	23.3	3.9	0
114	20	2.2	0.56
115	10	0.6	0.15
116	12.2	-2.8	0
117	17.8	-1.1	0
118	19.4	2.2	0
119	21.1	1.1	0
120	23.3	3.9	0
121	23.3	5.6	0
122	23.9	4.4	0
123	22.8	5.6	0
124	22.2	5.6	0
125	18.9	3.3	0
126	22.8	3.9	0.15
127	21.7	5	0
128	21.1	4.4	0.2
129	20	3.9	0.13
130	17.8	5	0.3
131	15	1.1	1.02
132	16.1	2.2	0.46
133	10.6	2.8	1.04
134	11.1	0.6	1.27
135	12.8	2.8	0.08
136	15	1.7	0.2
137	14.4	2.8	0.13
138	13.9	-3.3	0
139	21.7	1.1	0
140	22.2	7.2	0
141	21.7	3.9	2.03
142	10	0	0.86
143	13.3	3.3	1.65
144	16.7	3.3	0.13
145	21.1	3.9	0.08
146	15.6	6.1	0.13
147	14.4	0	0.81
148	18.9	-0.6	0
149	20.6	6.1	0
150	20	3.3	1.22
151	18.9	1.7	0
152	17.8	4.4	0
153	21.1	5	0.15
154	14.4	3.9	0.15
155	12.8	3.3	0.1
156	16.1	1.1	0
157	16.7	3.9	0.41
158	17.2	2.2	0.08
159	18.3	4.4	0
160	18.3	6.1	0.18
161	17.2	6.7	0
162	19.4	7.8	0.03
163	21.1	9.4	0
164	21.7	6.7	0
165	16.7	4.4	0.2
166	18.9	3.9	0.03
167	16.7	2.2	1.07
168	17.2	7.8	0.03
169	20.6	3.9	0
170	20.6	7.8	0.84
171	18.3	3.3	0
172	21.7	5.6	0
173	23.9	8.9	0
174	23.9	8.3	0.03
175	20.6	6.1	0.05
176	20	10.6	0.64
177	16.7	5.6	1.4
178	17.8	1.1	0
179	23.9	3.9	0
180	25.6	8.3	0
181	28.9	12.8	0
182	29.4	12.8	0
183	32.2	13.3	0
184	30.6	14.4	0
185	30	11.7	0
186	28.9	12.8	0
187	28.9	11.7	0
188	28.9	11.1	0.03
189	28.9	9.4	0
190	31.1	11.1	0
191	28.3	12.2	0
192	28.3	11.1	0.1
193	29.4	8.3	0
194	31.7	9.4	0
195	31.7	10.6	0
196	31.7	13.3	0
197	33.3	11.7	0
198	35.6	13.3	0
199	35	14.4	0
200	35	16.7	0
201	34.4	15	0
202	33.3	15.6	0
203	32.2	15.6	0
204	32.2	15	0
205	32.2	15	0.18
206	31.1	13.3	0.69
207	32.8	12.8	0
208	33.3	15.6	0
209	31.7	13.9	0
210	29.4	12.8	0.03
211	29.4	13.3	0.28
212	28.9	12.2	0.71
213	25.6	10	0.33
214	26.1	11.7	0
215	28.3	11.7	0
216	31.1	12.2	0
217	32.2	11.1	0
218	32.8	12.8	0
219	33.3	15.6	0
220	32.2	12.8	0
221	31.7	11.1	0.25
222	30	8.9	0.05
223	31.1	10.6	0
224	31.7	13.9	0
225	32.8	13.9	0
226	32.8	14.4	0
227	30.6	12.8	0.03
228	30.6	11.7	0.05
229	27.8	12.2	0.13
230	28.3	13.3	0.05
231	28.3	10.6	0
232	30	13.3	0
233	29.4	9.4	0
234	29.4	10	0
235	28.3	8.3	0
236	25.6	6.1	0
237	30	6.7	0
238	30	11.7	0
239	27.2	7.2	0
240	29.4	8.3	0
241	31.7	10	0
242	32.8	11.7	0
243	32.8	15	0
244	31.7	11.1	0
245	31.1	11.1	0
246	32.2	11.1	0
247	32.2	11.7	0
248	32.2	15	0
249	31.1	13.3	0.13
250	29.4	12.8	0
251	26.7	12.8	0
252	26.7	13.3	0
253	26.7	11.1	1.09
254	25	8.9	0
255	24.4	12.2	0.36
256	23.3	10.6	0.05
257	25.6	8.3	0
258	28.9	9.4	0
259	28.3	10	0
260	28.9	9.4	0
261	27.8	12.2	0
262	24.4	5	0
263	17.8	6.1	0
264	18.9	5.6	0
265	19.4	5.6	0.25
266	20.6	2.2	0
267	22.2	2.2	0
268	21.7	2.2	0
269	18.9	5.6	0.76
270	22.2	5	0
271	22.8	4.4	0
272	25	5.6	0
273	25	9.4	0
274	25	6.1	0
275	19.4	6.7	0.03
276	12.8	1.7	0.33
277	10.6	-3.9	0
278	14.4	-3.9	0
279	15.6	-1.7	0
280	18.9	1.1	0
281	20	1.7	0
282	19.4	-1.1	0
283	16.7	0	0
284	16.1	-4.4	0
285	19.4	-0.6	0
286	18.9	3.9	0
287	18.3	-1.1	0
288	13.9	-1.1	0
289	7.2	1.7	0
290	10	-5	0
291	12.8	-2.2	0
292	13.9	-2.2	0
293	18.9	1.1	0
294	20.6	1.7	0
295	20	2.2	0.05
296	11.1	5	0.3
297	13.3	1.7	0.05
298	21.1	5	0
298	18.3	3.3	0
299	17.8	2.2	0
300	15	2.2	0
301	10	-1.7	0.05
302	10.6	-1.7	0
303	10	-3.9	0
304	7.2	-3.9	0
305	6.7	0	0
306	3.9	-1.7	0.03
307	6.7	-5	0
308	5	0	0.05
309	5	-1.7	0.25
310	0	-2.8	0
311	0	-3.9	0.51
312	-1.1	-11.1	0
313	-2.2	-13.3	0
314	2.2	-8.9	0
315	-1.1	-9.4	0
316	3.9	-5	0
317	5.6	-2.2	0
318	6.7	-1.1	0
319	5.6	-3.3	0
320	5.6	0.6	0
321	5.6	-2.8	0
322	3.3	-5	0
323	1.7	-4.4	0
324	5	-1.1	0
325	6.1	0	0.1
326	7.8	-2.8	0
327	5.6	-1.7	0.81
328	3.3	-4.4	0
329	10.6	-3.3	0
330	7.8	0	0
331	5.6	1.7	0.48
332	4.4	-1.7	0.05
333	6.7	-1.7	0.25
334	6.7	-0.6	0
335	6.7	-2.8	0
336	8.9	0	0
337	2.2	-6.7	0.94
338	-3.3	-13.3	0.51
339	-5.6	-12.2	0
340	-9.4	-16.1	0.03
341	-3.9	-12.2	0.08
342	-5	-13.9	0
343	-6.1	-18.9	0
344	-1.1	-13.3	0
345	1.7	-10	0
346	6.7	-2.2	0.03
347	7.2	-6.1	0
348	-1.1	-7.2	0
349	1.1	-9.4	0
350	-0.6	-8.3	0
351	-1.7	-13.3	0
352	-12.2	-24.4	0
353	-16.7	-25.6	0
354	-16.7	-27.8	0
355	-12.2	-25.6	0
356	-13.9	-25.6	0
357	-11.1	-21.1	0
358	-7.8	-17.2	0.03
359	-2.8	-10	0
360	-2.8	-13.3	0
361	4.4	-6.1	0
362	0.6	-3.9	0
363	5.6	-4.4	0
364	2.2	-3.9	0.05
365	0.6	-5	0
