#weather for site US Sheep Experiment Station year = 1986
#DOY Tmax(C) Tmin(C) PPT(cm)
1	-2.2	-11.1	0
2	-3.9	-12.2	0.05
3	-4.4	-16.1	0
4	-1.7	-13.3	0
5	0.6	-8.9	0.05
6	-2.2	-13.9	0
7	-2.8	-13.3	0
8	0.6	-12.2	0
9	3.9	-8.3	0
10	3.9	-9.4	0
11	3.3	-9.4	0
12	3.3	-8.3	0
13	5	-10	0
14	0	-8.9	0.08
15	0.6	-3.9	0.15
16	2.2	-2.2	0.53
17	1.7	-8.3	0.03
18	4.4	-3.9	0
19	2.8	-3.3	0.05
20	-1.7	-12.2	0
21	-2.2	-11.1	0
22	-0.6	-6.1	0.05
23	-3.3	-9.4	0
24	-3.3	-12.2	0
25	2.8	-13.9	0
26	2.8	-11.7	0
27	1.7	-7.2	0
28	5	-5.6	0
29	5.6	0	0
30	2.8	-1.1	0.1
31	2.2	0	0
32	3.9	-1.1	0.18
33	1.1	-4.4	0.58
34	1.7	-8.9	0
35	-0.6	-8.9	0.15
36	-2.8	-9.4	0
37	-6.1	-15	0
38	-8.9	-17.2	0
39	-8.9	-20	0
40	-6.1	-16.1	0.08
41	-7.2	-18.3	0
42	-3.9	-13.9	0.13
43	-2.8	-11.7	0.23
44	1.1	-13.9	0
45	3.3	-2.8	0.53
46	3.9	-1.1	0
47	1.7	-0.6	0
48	4.4	-1.7	0.53
49	1.7	-1.7	0.03
50	4.4	-5	0
51	4.4	-5.6	0
52	4.4	-6.7	0
53	3.3	-2.8	0
54	4.4	0	0
55	8.3	1.1	0
56	8.9	-0.6	0
57	8.3	-3.3	0
58	8.3	-3.3	0
59	8.3	-2.2	0
60	13.9	0.6	0
61	11.1	-1.1	0
62	6.7	-2.8	0
63	7.2	-3.9	0
64	7.8	0	0
65	9.4	0	0
66	7.2	0	1.09
67	7.2	-1.1	0
68	4.4	-2.8	0.66
69	2.8	-1.1	0.76
70	3.9	-1.1	0
71	3.9	-4.4	0.33
72	4.4	-3.3	0
73	3.9	-2.8	0
74	3.9	-4.4	0.1
75	4.4	-3.9	0.08
76	6.1	-4.4	0
77	9.4	-3.9	0
78	9.4	-3.9	0
79	15.6	-3.9	0
80	14.4	0.6	0
81	13.3	-2.2	0
82	12.2	1.1	0
83	8.9	-4.4	0
84	12.8	-3.3	0
85	17.8	0	0
86	21.7	2.2	0
87	20	0.6	0
88	20.6	-1.1	0
89	14.4	-2.8	0
90	8.9	-3.3	0.2
91	6.1	-1.1	1.07
92	10	-3.3	0
93	11.7	-2.2	0
94	15.6	-1.7	0
95	18.3	0	0
96	17.8	2.2	0.05
97	15.6	0	0.25
98	15.6	2.8	0.48
99	13.3	1.7	0
100	10.6	1.1	0
101	10	3.3	0.51
102	7.8	-5.6	0.03
103	7.2	-6.7	0
104	14.4	-3.3	0
105	12.2	1.7	0.15
106	10	-1.7	0
107	10	-1.1	0
108	15	-3.3	0
109	20.6	3.3	0
110	22.2	4.4	0
111	21.7	4.4	0
112	11.7	1.7	0
113	10.6	-1.1	0
114	7.2	-1.1	0.71
115	7.8	-3.3	0.05
116	7.2	-2.2	0.1
117	NA	NA	NA
118	12.8	-1.1	0.66
119	11.7	-2.2	0.74
120	12.8	-5.6	0
121	21.1	2.2	0
122	23.9	5	0
123	22.8	4.4	0
124	22.2	2.2	0.1
125	10	-3.3	0.1
126	8.3	0	0.74
127	7.2	-0.6	0.51
128	7.2	0.6	0
129	12.8	-0.6	0
130	11.7	-1.1	1.5
131	6.1	-2.8	0.03
132	12.8	-2.2	0
133	15	-1.1	0
134	13.3	-3.3	0
135	11.7	-2.2	0
136	13.3	-2.2	0.23
137	16.7	-1.1	0
138	21.1	3.3	0
139	22.2	5	0
140	24.4	12.8	0
141	15	0	0.74
142	15.6	1.1	0
143	12.8	-3.3	0
144	20.6	2.2	0
145	25.6	6.1	0
146	28.3	8.3	0
147	28.3	9.4	0
148	30.6	12.8	0
149	30.6	11.7	0
150	30.6	11.1	0
151	30.6	12.8	0.05
152	29.4	13.3	0
153	30.6	11.7	0
154	23.9	12.8	0.89
155	26.1	11.1	0
156	26.7	9.4	0
157	22.8	9.4	0.1
158	22.8	9.4	0
159	17.8	8.3	2.21
160	22.2	5.6	1.14
161	22.8	5.6	0
162	25	7.2	0
163	26.7	8.9	0
164	29.4	8.9	0
165	26.1	11.1	0.25
166	26.7	9.4	0
167	29.4	7.8	0
168	30	12.2	0
169	28.9	8.9	0
170	27.8	8.3	0
171	25	5	0
172	23.9	7.8	0
173	26.7	6.1	0
174	29.4	10	0
175	32.2	10	0
176	31.1	7.8	0
177	30	10.6	0.03
178	32.2	13.3	0
179	32.2	13.9	0.05
180	27.8	13.3	0
181	26.7	8.9	0
182	28.3	7.8	0
183	33.3	7.2	0
184	28.9	9.4	0
185	26.7	12.2	0
186	22.8	2.2	0
187	23.3	3.9	0
188	24.4	10	0
189	26.7	8.3	0
190	-9999	-9999	0
191	26.7	10	0
192	24.4	7.2	0
193	26.7	6.7	0
194	29.4	3.3	0
195	32.2	7.2	0
196	31.1	11.1	0
197	26.7	12.2	0
198	22.8	1.1	0
199	25.6	7.8	0
200	30.6	10	0
201	30	13.9	0
202	30.6	13.3	0
203	29.4	14.4	0.18
204	28.3	12.2	0
205	25.6	11.1	0.3
206	21.1	10	0.71
207	22.8	8.3	0.36
208	27.2	10	0
209	27.2	9.4	0
210	28.9	13.3	0
211	26.7	11.1	0
212	28.3	10	0
213	29.4	10.6	0
214	31.7	11.1	0
215	32.2	14.4	0
216	30	10	0
217	31.7	10.6	0
218	30	11.1	0
219	29.4	11.1	0
220	32.2	13.3	0
221	29.4	12.2	0
222	32.2	11.7	0
223	28.9	7.2	0.03
224	28.9	8.9	0
225	26.7	10	0
226	28.9	7.8	0
227	31.7	8.9	0
228	31.1	11.7	0
229	32.2	15.6	0
230	35	13.3	0
231	32.8	20	0
232	31.1	11.7	0
233	22.8	15.6	2.06
234	25.6	5.6	0
235	24.4	11.1	0.15
236	30	11.1	0
237	29.4	12.8	0.2
238	29.4	12.8	0
239	31.1	13.9	0
240	31.7	13.3	0
241	31.1	13.3	0.64
242	22.2	8.9	0.89
243	21.7	7.8	1.24
244	20	7.8	0
245	22.2	7.8	0
246	23.9	6.7	0
247	26.7	7.2	0
248	27.8	7.2	0
249	22.2	6.7	0
250	23.9	5.6	0
251	23.9	8.3	0
252	21.7	4.4	0
253	17.8	2.8	0.15
254	21.1	2.2	0
255	22.8	5	0
256	22.8	6.1	0
257	22.2	7.2	0.56
258	19.4	8.9	0
259	17.8	5	0
260	16.7	0.6	0
261	13.3	5	0.05
262	10.6	2.8	0.36
263	9.4	3.3	0.13
264	13.9	1.1	0
265	16.7	0	0
266	18.9	0	0
267	13.3	7.2	0.03
268	12.2	1.7	0
269	10	1.1	0
270	10	1.1	0.1
271	9.4	-2.2	0
272	11.1	0.6	0
273	8.3	2.2	0.97
274	10	2.2	0.1
275	10.6	1.7	0
276	12.8	0.6	0
277	13.9	-0.6	0
278	17.2	0.6	0
279	18.3	1.7	0
280	18.9	1.1	0
281	20.6	2.2	0
282	20	2.2	0
283	20	3.3	0
284	8.9	-4.4	0
285	12.2	-4.4	0
286	12.8	-3.9	0
287	15	-1.7	0
288	18.3	-0.6	0
289	18.3	1.1	0
290	18.9	0	0
291	16.1	2.8	0.08
292	16.7	5.6	0
293	16.7	5.6	0
294	14.4	3.3	0.05
295	18.3	1.7	0
296	19.4	0.6	0
297	16.1	-0.6	0
298	16.1	1.1	0
299	18.9	2.8	0
299	14.4	1.1	0
300	12.2	-2.8	0
301	12.2	1.1	0
302	9.4	2.8	0
303	9.4	-5	0
304	11.7	-2.2	0
305	9.4	-5.6	0
306	11.7	-3.3	0
307	10.6	-3.3	0
308	10.6	-2.2	0
309	7.2	-3.9	0.33
310	-1.1	-7.8	0
311	1.1	-7.2	0.03
312	-0.6	-8.3	0
313	-3.9	-18.9	0
314	-3.3	-10	0
315	1.1	-12.8	0
316	2.8	-8.9	0
317	6.1	-2.2	0
318	4.4	-5.6	0
319	3.3	-1.7	0
320	7.2	-3.3	0
321	6.7	-6.7	0
322	7.8	-3.9	0
323	7.2	-5	0
324	5.6	-0.6	0.43
325	0.6	-9.4	0
326	-2.8	-9.4	0.18
327	3.9	-4.4	0
328	4.4	-7.2	0
329	-0.6	-9.4	0
330	5.6	-5.6	0
331	6.1	-6.1	0
332	4.4	-1.1	0
333	1.1	-8.3	0
334	1.7	-8.9	0
335	0.6	-10	0
336	5	-9.4	0
337	5.6	-7.2	0
338	6.1	-0.6	0
339	3.9	-2.2	0.58
340	1.7	-7.8	0
341	0.6	-4.4	0
342	-4.4	-15	0
343	-5.6	-16.7	0
344	-3.9	-15.6	0
345	1.1	-12.8	0
346	1.7	-4.4	0
347	5.6	-7.8	0
348	5	-7.2	0
349	4.4	-5.6	0
350	5	-11.1	0
351	2.8	-13.9	0
352	1.1	-10	0.03
353	3.9	-5	0
354	-2.2	-12.2	0
355	1.7	-7.8	0
356	2.2	-10	0
357	2.8	-8.9	0
358	3.9	-6.1	0
359	0	-9.4	0
360	0.6	-11.7	0
361	0.6	-13.9	0
362	6.7	-12.2	0
363	-1.1	-12.2	0
364	-3.3	-14.4	0
365	-2.8	-11.1	0
