#weather for site US Sheep Experiment Station year = 2013
#DOY Tmax(C) Tmin(C) PPT(cm)
1	-7.8	-17.8	0
2	-5.6	-18.3	0
3	-5.6	-15	0
4	-3.3	-16.7	0
5	-1.1	-10	0
6	-3.9	-13.9	0
7	-5	-12.2	0
8	9.4	-6.7	0.05
9	8.9	-6.1	0.84
10	-6.1	-13.9	0.13
11	-12.8	-18.9	0
12	-15	-20.6	0
13	-16.1	-24.4	0
14	-11.7	-19.4	0
15	-8.9	-16.7	0
16	-5.6	-18.9	0
17	-6.1	-15.6	0
18	-2.2	-18.3	0
19	-3.3	-13.9	0
20	-3.3	-13.9	0
21	0	-14.4	0
22	2.2	-8.3	0
23	1.7	-3.3	0
24	1.7	-2.2	0.15
25	2.2	1.1	0.13
26	1.7	-2.8	0.28
27	-2.8	-10	0
28	-4.4	-11.1	0
29	-3.3	-8.9	0
30	-1.1	-8.3	0
31	-2.8	-7.2	0
32	-1.7	-4.4	0
33	-0.6	-8.3	0
34	-1.7	-5	0
35	2.8	-3.9	0
36	0.6	-9.4	0
37	0	-5	0
38	0.6	-5.6	0
39	0	-3.9	0
40	-1.1	-6.1	0
41	-3.3	-16.1	0
42	-4.4	-11.7	0
43	-3.3	-6.7	0
44	0	-8.3	0
45	-1.1	-9.4	0
46	0.6	-4.4	0
47	3.9	-8.3	0
48	3.3	-12.8	0
49	-0.6	-8.9	0
50	1.1	-5.6	0
51	0.6	-8.9	0
52	-2.8	-11.1	0
53	-2.8	-5	1.3
54	0.6	-9.4	0
55	0.6	-9.4	0.05
56	-3.9	-12.8	0.2
57	-4.4	-13.9	0
58	-2.8	-7.8	0
59	0	-7.2	0.05
60	3.9	-2.8	0
61	3.9	0	0
62	0	-8.9	0
63	-0.6	-12.8	0
64	1.7	-5.6	0.2
65	1.1	-7.2	0
66	3.3	-3.3	0.05
67	3.3	-5	0
68	5.6	-8.3	0
69	NA	NA	NA
70	5.6	-5.6	0
71	3.9	-6.7	0
72	4.4	-1.7	0
73	7.8	0	0
74	7.8	0.6	0
75	7.8	1.1	0
76	7.2	-4.4	0
77	3.9	-7.8	0
78	6.7	-6.1	0
79	18.9	0	0.28
80	18.9	-1.7	0.08
81	5	-3.9	0
82	2.2	-4.4	0
83	3.3	-8.3	0
84	4.4	-7.2	0
85	9.4	-1.1	0
86	9.4	2.2	0
87	14.4	1.1	0
88	15.6	2.8	0
89	15.6	3.9	0
90	17.2	2.2	0
91	17.8	5	0
92	18.9	2.8	0
93	18.3	5	0.03
94	15.6	5	0
95	19.4	5.6	0.56
96	13.3	3.9	0
97	13.9	2.8	0
98	13.3	1.7	0.1
99	7.2	-3.3	0
100	12.2	-2.8	0
101	15	4.4	0.18
102	13.9	0	0
103	13.9	6.1	0.05
104	8.3	-3.9	0
105	7.8	-2.2	0
106	6.1	-3.9	0
107	5	-5.6	0
108	10	-5.6	0
109	9.4	-1.1	-999.9
110	16.1	1.1	-999.9
111	16.1	0.6	0
112	15	-1.7	0
113	9.4	-5.6	0
114	13.3	-2.8	0
115	17.2	-0.6	0
116	20	4.4	0
117	22.8	3.9	0
118	22.8	6.1	0
119	19.4	2.2	0
120	19.4	-1.7	0
121	11.1	-1.7	0
122	14.4	-4.4	0
123	17.8	3.3	0
124	16.7	6.1	-999.9
125	20	5	-999.9
126	22.2	5.6	0
127	22.2	2.8	0.03
128	23.3	5.6	0
129	21.7	5	0
130	24.4	7.8	0.56
131	24.4	6.7	0
132	27.2	8.3	0
133	30	10	0
134	28.9	10	0
135	26.1	8.9	0
136	23.3	9.4	0
137	18.9	8.3	0.33
138	14.4	6.1	0.61
139	14.4	7.8	0.53
140	19.4	8.9	0.03
141	20.6	4.4	0
142	20	10.6	0
143	16.7	3.9	0
144	18.3	0	0
145	18.9	4.4	0
146	20	6.7	0
147	19.4	3.3	0
148	18.3	7.2	0.43
149	15.6	9.4	0.38
150	18.3	2.8	0
151	17.8	4.4	0
152	20.6	2.8	0
153	26.7	7.2	0
154	26.7	3.9	0
155	20.6	7.8	0
156	23.9	4.4	0
157	25	9.4	0
158	29.4	8.9	0
159	28.9	11.1	0
160	31.7	9.4	0
161	33.3	13.3	0
162	30	11.7	0
163	27.2	11.7	0.08
164	24.4	10.6	0.23
165	21.7	2.8	0.03
166	24.4	2.2	0
167	30	7.8	0
168	30	10.6	0
169	31.1	9.4	0
170	30	10.6	0.03
171	17.2	3.3	0
172	18.9	6.1	0
173	19.4	5.6	0
174	25	4.4	0
175	25.6	11.7	0
176	23.3	10.6	0
177	27.2	10	0.03
178	32.8	10.6	0
179	34.4	15.6	0
180	35	17.8	0
181	34.4	12.2	0
182	35	16.7	0
183	35.6	16.7	0
184	34.4	17.2	0
185	33.3	17.8	0
186	31.1	13.3	0.3
187	28.9	10	0.03
188	31.7	11.1	1.24
189	32.8	12.2	0
190	31.7	13.9	0
191	34.4	14.4	0
192	34.4	15.6	0
193	30.6	10.6	0
194	30.6	12.2	0
195	31.7	10.6	0
196	32.2	12.2	0
197	31.7	16.7	0
198	32.2	18.9	0.53
199	32.8	15	0.05
200	35	16.7	0
201	34.4	16.7	0
202	33.9	16.7	0
203	34.4	12.2	0
204	33.9	15	0
205	33.3	13.9	0
206	32.2	16.1	0
207	32.8	15.6	0
208	32.8	15	-999.9
209	24.4	10	-999.9
210	28.9	8.9	0
211	31.1	12.2	0
212	31.1	12.8	0
213	32.2	13.3	0.08
214	31.1	10.6	0
215	29.4	12.8	0
216	31.1	14.4	0
217	32.8	14.4	0
218	30.6	13.9	0
219	32.2	14.4	0
220	32.2	14.4	0
221	30	15	0
222	31.1	12.8	0
223	31.1	11.1	0
224	31.1	12.2	0
225	30.6	11.7	0
226	31.1	11.1	0
227	33.3	13.3	0
228	34.4	12.8	0
229	34.4	13.9	0
230	33.3	16.1	0
231	33.3	15.6	0
232	32.8	15.6	0
233	32.8	13.9	0
234	30	12.8	0
235	30	13.9	0
236	26.7	12.2	0
237	28.3	10.6	0.25
238	28.3	12.8	0
239	27.8	12.2	0
240	27.8	13.3	0
241	30	11.7	0
242	32.2	13.3	0
243	32.2	12.8	0
244	31.7	11.1	0
245	31.7	15	0.05
246	27.8	12.8	0
247	27.8	14.4	1.32
248	27.2	15.6	0.36
249	30	15	0
250	27.2	14.4	0.58
251	26.1	11.7	0
252	24.4	10.6	0
253	27.8	11.1	0
254	30	13.3	0
255	29.4	15	0.08
256	26.7	10.6	0
257	26.7	11.7	0
258	24.4	14.4	0.05
259	27.2	11.1	0
260	26.1	13.9	0.13
261	18.9	6.7	0.3
262	16.1	3.3	0.43
263	21.1	1.7	0
264	25	7.2	0
265	23.3	6.7	0
266	18.3	2.2	0.13
267	17.8	5.6	0
268	13.3	4.4	0.05
269	9.4	1.7	0.15
270	12.2	1.7	0
271	16.1	2.8	0
272	14.4	6.7	0
273	18.3	10	0.05
274	16.1	0	-999.9
275	11.1	2.2	-999.9
276	6.7	-9999	-999.9
277	7.8	-9999	-999.9
278	10.6	-5.6	-999.9
279	14.4	-1.1	-999.9
280	20	2.2	-999.9
281	20	-9999	-999.9
282	17.8	-1.1	-999.9
283	17.8	2.8	-999.9
284	11.7	-9999	-999.9
285	12.2	-1.7	-999.9
286	7.8	2.8	-999.9
287	8.9	-9999	-999.9
288	11.7	-3.3	-999.9
289	11.7	-4.4	-999.9
290	10.6	-1.1	-999.9
291	9.4	-3.9	0
292	9.4	-3.9	0
293	14.4	0.6	0
294	13.9	-1.1	0
295	15	-1.1	0
296	17.2	1.1	0
297	18.9	3.3	0
298	18.3	1.7	0
299	16.7	0.6	0
300	15.6	-1.1	0
301	12.2	1.1	0.46
302	3.9	-4.4	0.05
303	3.3	0	0
304	2.8	0	0.05
305	7.8	-2.8	-999.9
306	13.3	0.6	-999.9
307	13.3	-2.8	-999.9
307	1.7	-6.1	-999.9
308	-0.6	-8.9	0
309	2.8	-2.8	0
310	4.4	0.6	0.23
311	7.2	-0.6	0
312	8.3	-1.1	0
313	11.1	0	0
314	14.4	1.1	0
315	15.6	0	0
316	11.1	3.3	0.03
317	6.7	-2.2	0
318	1.7	-6.7	0
319	3.3	-2.2	-999.9
320	2.8	-11.7	-999.9
321	5.6	-4.4	0
322	5.6	-0.6	0
323	3.9	1.1	0.13
324	1.1	-7.8	0
325	3.3	-12.2	0
326	8.9	-7.2	0
327	3.9	-7.8	0
328	3.9	-7.2	0
329	7.2	-6.1	0
330	8.3	-4.4	0
331	9.4	-3.3	0
332	5	-5	0
333	4.4	-3.3	0
334	1.1	-2.8	0
335	7.2	-1.1	0
336	2.2	-14.4	0
337	-13.3	-19.4	0
338	-11.7	-22.8	0
339	-13.3	-22.8	-999.9
340	-13.9	-20	-999.9
341	-16.7	-21.7	-999.9
342	-16.1	-25	-999.9
343	-10.6	-18.9	0
344	-7.2	-18.3	0
345	-1.1	-13.9	0
346	-4.4	-12.2	-999.9
347	-6.7	-12.8	-999.9
348	-3.3	-7.8	-999.9
349	0.6	-10	0
350	2.8	-10	0
351	1.7	-8.3	0
352	-1.1	-5	0
353	-5	-16.7	0.03
354	-5.6	-10	-999.9
355	-7.2	-9.4	-999.9
356	-3.9	-8.9	-999.9
357	-1.1	-7.8	0
358	-2.2	-10	0
359	-1.1	-12.2	0
360	2.2	-11.1	0
361	3.9	-7.8	0
362	0	-15.6	0
363	-3.9	-8.9	0
364	-3.9	-7.8	0
365	-5	-13.3	0
