#weather for site US Sheep Experiment Station year = 1973
#DOY Tmax(C) Tmin(C) PPT(cm)
1	-5	-17.8	0
2	-7.8	-13.3	0.18
3	-13.3	-26.1	0
4	-13.3	-23.3	0
5	-10	-20.6	0
6	-13.3	-20	0
7	-16.7	-23.9	0
8	-13.3	-23.3	0
9	-6.1	-18.3	0
10	-6.1	-17.2	0
11	-0.6	-6.7	0.23
12	0.6	-4.4	0
13	2.8	0	0
14	5.6	-2.8	0
15	4.4	-3.9	0
16	0	-2.8	1.45
17	-0.6	-5	0.15
18	0	-3.9	0.79
19	-2.8	-16.1	0
20	-6.7	-13.3	0
21	-6.7	-19.4	0
22	-2.8	-16.7	0
23	1.1	-13.9	0
24	2.8	-11.7	0
25	1.1	-7.8	0.2
26	-6.1	-13.9	0
27	-3.9	-16.1	0
28	-1.7	-12.8	0
29	-3.9	-11.1	0
30	-1.1	-5.6	0
31	-3.9	-9.4	0
32	-1.7	-12.8	0
33	1.1	-11.7	0
34	0	-4.4	0.05
35	0.6	-2.2	0
36	0	-7.8	0
37	-2.2	-15	0
38	-3.9	-16.7	0
39	-3.9	-16.1	0
40	-2.2	-8.3	-999.9
41	0	-3.3	-999.9
42	-2.2	-6.7	0.41
43	-1.1	-8.3	0.25
44	0	-8.3	0.13
45	-1.1	-13.9	0
46	-1.1	-14.4	0
47	-0.6	-15.6	0
48	-1.7	-8.9	0
49	-4.4	-15	0
50	0	-15	0
51	1.7	-13.3	0
52	0.6	-11.7	0
53	0.6	-10.6	0
54	0	-10.6	0.08
55	1.7	-2.2	0
56	3.9	-5	0
57	2.2	-5.6	0
58	8.9	-3.3	0
59	2.2	-3.3	0
60	3.3	-7.2	0
61	3.3	-11.1	0
62	5.6	-9.4	0
63	-0.6	-11.1	0
64	4.4	-6.7	0
65	3.9	-10	0
66	3.3	-10	0
67	1.7	-10	0
68	0.6	-4.4	0
69	0	-2.2	0.41
70	2.8	-6.7	0
71	1.1	-6.7	0
72	2.8	-2.8	0
73	2.8	-10	0
74	2.2	-8.3	0
75	1.7	-2.2	0.05
76	1.7	-8.3	0
77	2.8	-6.7	0
78	4.4	-6.1	0
79	4.4	-2.2	0.3
80	3.9	-3.9	0.33
81	2.8	-2.2	0
82	4.4	-5.6	0
83	2.8	-8.3	0
84	4.4	-4.4	0
85	3.3	-4.4	0
86	2.2	-5	0
87	2.8	-6.1	0
88	2.8	-11.1	0
89	1.7	-3.3	0.25
90	4.4	-4.4	0
91	6.1	-1.7	0
92	6.7	-3.3	0
93	6.1	-4.4	0
94	6.1	-1.7	0
95	6.1	-2.8	0
96	1.7	-8.9	0
97	5.6	-10	0
98	6.1	-6.1	0
99	9.4	-2.2	0
100	12.2	-2.2	0
101	11.7	-1.1	0
102	8.3	1.7	0.53
103	8.3	0.6	0.64
104	7.8	-7.8	0
105	7.2	-4.4	0
106	11.1	2.8	0
107	6.1	-1.7	0
108	5.6	-4.4	0
109	5.6	0.6	0
110	10	-1.7	0
111	10.6	-1.7	0
112	12.2	2.2	0.3
113	11.7	0.6	0.23
114	10.6	1.7	0
115	15	-1.7	0
116	16.7	0.6	0
117	15.6	1.1	0
118	8.9	0.6	0
119	NA	NA	NA
120	8.9	0	0
121	8.9	-1.7	0
122	14.4	-4.4	0
123	14.4	1.7	0
124	13.3	3.9	0.33
125	13.9	4.4	0.36
126	17.8	3.3	0
127	16.7	5.6	0
128	16.7	6.1	0.15
129	17.8	1.7	0
130	16.7	-0.6	0
131	16.1	-1.7	0
132	21.7	3.3	0
133	22.8	6.7	0
134	21.7	4.4	0
135	26.1	7.8	0
136	27.2	10.6	0
137	25.6	10.6	0
138	27.2	7.2	0
139	20.6	7.2	0
140	20	8.9	0.36
141	17.2	1.1	0
142	21.7	-0.6	0
143	23.9	5	0
144	23.3	8.3	0
145	15.6	3.9	0.2
146	15	-0.6	0.79
147	15	-0.6	0
148	20	1.1	0
149	18.3	2.2	0
150	20.6	1.7	0
151	26.1	6.1	0
152	22.2	7.2	1.24
153	12.8	2.2	0
154	13.3	-2.2	0
155	17.8	2.2	0
156	22.8	2.2	0
157	27.2	7.2	0
158	28.3	10	0
159	26.7	9.4	0
160	30	10	0
161	28.3	6.1	0
162	22.8	8.9	0
163	28.3	6.7	0
164	27.2	8.3	0
165	26.7	9.4	1.35
166	9.4	3.9	1.17
167	15.6	1.7	0
168	12.8	1.7	0.89
169	9.4	-2.2	0.2
170	18.3	0.6	0
171	23.3	5	0
172	26.7	7.8	0
173	28.9	8.9	0
174	25	13.3	0
175	22.8	8.3	0
176	28.3	12.8	0
177	28.3	14.4	0
178	30	15.6	0
179	29.4	13.9	0
180	26.1	14.4	0.2
181	28.3	10.6	0
182	27.2	12.8	0
183	26.7	5	0
184	31.7	8.9	0
185	33.3	12.2	0
186	31.7	11.1	0
187	32.2	13.3	0
188	30.6	9.4	0
189	32.2	12.2	0
190	32.8	15.6	0
191	34.4	13.3	0
192	33.3	15.6	0
193	32.2	15.6	0.05
194	27.8	14.4	0
195	25.6	12.2	0
196	29.4	8.9	0
197	31.1	11.1	0
198	31.1	12.2	0
199	30.6	13.9	0
200	28.9	13.9	0
201	20.6	12.2	2.39
202	20	8.9	0
203	17.2	11.7	1.24
204	19.4	5	0
205	25	7.8	0
206	27.8	8.9	0
207	28.3	13.9	0
208	28.9	13.9	0
209	30	12.8	0
210	25	17.8	0
211	28.3	12.2	0
212	30.6	10	0
213	32.2	12.8	0
214	30.6	17.2	0
215	28.3	15	0
216	25	12.8	0.3
217	27.8	10	0.03
218	27.8	12.8	0
219	27.2	10	0
220	27.8	10.6	0
221	30.6	11.7	0
222	30.6	14.4	0
223	28.3	14.4	0
224	30	11.7	0
225	33.3	12.2	0
226	30.6	13.9	0
227	32.2	9.4	0
228	33.3	16.1	0
229	31.1	12.2	0
230	30	12.2	0
231	31.7	11.1	0
232	32.8	15	0
233	30.6	12.8	0
234	25	8.9	0
235	28.9	9.4	0.05
236	25	10	0
237	23.3	8.3	0
238	26.7	5.6	0
239	26.7	10.6	0.33
240	23.9	3.9	0
241	26.1	6.7	0
242	29.4	7.8	0
243	28.3	8.9	0.03
244	13.3	3.3	0.71
245	17.8	6.7	0
246	25.6	3.9	0
247	25.6	5.6	0
248	28.9	9.4	0
249	28.3	10.6	0
250	23.3	7.2	0
251	20	10	0.1
252	25.6	6.7	0
253	28.9	9.4	0
254	28.3	10	0
255	26.7	6.7	0
256	26.7	6.7	0
257	25.6	8.3	0
258	23.9	0.6	0
259	16.7	0.6	0
260	19.4	-0.6	0
261	21.1	5	0
262	22.2	9.4	0
263	19.4	6.1	0.23
264	15.6	1.7	0
265	19.4	1.1	0
266	18.3	5	1.52
267	11.7	2.8	0.41
268	12.8	1.1	0.38
269	14.4	-1.1	0
270	20	0.6	0
271	25	5.6	0
272	24.4	5	0
273	23.3	5.6	0
274	23.3	6.1	0
275	18.9	4.4	0
276	15	-3.3	0
277	15	-3.3	0
278	18.9	0.6	0
279	19.4	3.9	0
280	13.3	6.1	0
281	9.4	1.1	0.33
282	6.1	-1.7	0
283	10.6	-2.2	0
284	9.4	-4.4	0
285	11.1	-1.1	0
286	19.4	0.6	0
287	21.7	5	0
288	21.7	6.7	0
289	20.6	3.3	0
290	21.1	2.8	0
291	21.1	5	0
292	20.6	1.7	0
293	19.4	5.6	0
294	17.2	2.2	0
295	18.3	3.9	0
296	16.1	3.9	0
297	8.9	-3.3	0
298	9.4	-1.1	0.1
299	7.8	-6.1	0
300	10.6	-4.4	0
301	14.4	-1.1	0
301	12.8	0	0
302	5.6	-3.3	0
303	12.8	-1.1	0
304	8.3	-3.9	0.1
305	-2.8	-8.3	0
306	-3.9	-13.9	0
307	-3.9	-15.6	0.1
308	-0.6	-9.4	0.28
309	5.6	-1.1	0.1
310	4.4	-1.1	0
311	5	0	0
312	12.8	1.1	0
313	13.9	5	0
314	10.6	2.2	0.03
315	7.2	2.2	0.94
316	7.2	-1.7	0.03
317	6.1	-1.7	0
318	2.8	-1.7	0
319	5.6	-1.7	0
320	3.9	0.6	0
321	2.8	0	1.14
322	1.7	-3.9	0
323	-2.8	-7.8	0
324	-3.9	-8.3	0
325	-4.4	-7.2	0.15
326	-1.7	-8.3	0.38
327	-1.7	-10	0.64
328	-1.7	-12.8	0.69
329	-3.3	-12.2	0.33
330	-5	-9.4	0.05
331	1.7	-5.6	0
332	1.7	-5	0
333	4.4	-2.2	0
334	5.6	-2.8	0
335	1.7	-5.6	0
336	-2.8	-12.2	0
337	-4.4	-12.8	0
338	-4.4	-11.7	0
339	-1.7	-11.7	0
340	5	-3.3	0
341	1.7	-10	0
342	-1.1	-15.6	0
343	0.6	-9.4	0
344	2.2	-6.1	0
345	1.7	-6.1	0
346	2.2	-6.7	0.13
347	-3.3	-12.2	0
348	-3.3	-10.6	0
349	1.1	-3.9	0
350	1.1	-2.8	0.41
351	3.3	-5.6	0.18
352	-3.3	-12.8	0
353	-2.8	-12.2	0
354	3.3	-6.7	0
355	1.1	-3.3	0.91
356	-1.1	-6.7	0
357	-6.7	-16.1	0
358	-2.8	-8.9	0.53
359	-3.9	-15.6	0
360	-5	-11.1	0.33
361	-1.1	-11.1	0.08
362	-4.4	-15	0
363	-3.9	-10	0
364	-6.7	-19.4	0
365	-13.3	-21.7	0
